x y v
0 19 74.4
1 19 5.2
2 19 0
3 19 0
4 19 0.6
5 19 0.6
6 19 0.4
7 19 0.2
8 19 2.4
9 19 0.4
10 19 0.8
11 19 1.6
12 19 3
13 19 1.6
14 19 1.4
15 19 2.6
16 19 4
17 19 0
18 19 0.6
19 19 0.2
0 18 3.8
1 18 80.6
2 18 0.6
3 18 0.4
4 18 1.4
5 18 0.2
6 18 0.6
7 18 1.2
8 18 0.2
9 18 0
10 18 0.8
11 18 0.4
12 18 1.2
13 18 1.2
14 18 1.4
15 18 3.6
16 18 1.4
17 18 0.2
18 18 0.4
19 18 0.4
0 17 0
1 17 0.8
2 17 91.8
3 17 0.4
4 17 2.8
5 17 0.2
6 17 0
7 17 1.2
8 17 0.2
9 17 0.2
10 17 0.2
11 17 0
12 17 0
13 17 1
14 17 0.2
15 17 0.4
16 17 0.2
17 17 0.4
18 17 0
19 17 0
0 16 0.2
1 16 1.4
2 16 0
3 16 81
4 16 2
5 16 4.8
6 16 2
7 16 0.8
8 16 0.2
9 16 0.4
10 16 0
11 16 0
12 16 0.4
13 16 1.6
14 16 1
15 16 1.4
16 16 0.8
17 16 0
18 16 0.4
19 16 1.6
0 15 0.2
1 15 0.4
2 15 2.6
3 15 1.8
4 15 86.2
5 15 1.6
6 15 0
7 15 0.4
8 15 0.2
9 15 0.4
10 15 0.8
11 15 0.8
12 15 0.2
13 15 2.2
14 15 0.2
15 15 0.8
16 15 0.6
17 15 0.2
18 15 0
19 15 0.4
0 14 0.2
1 14 0.6
2 14 0.2
3 14 4.6
4 14 1
5 14 80.6
6 14 3.8
7 14 0.8
8 14 0
9 14 0.8
10 14 0.4
11 14 0.6
12 14 0
13 14 0.8
14 14 2
15 14 0.8
16 14 0.6
17 14 0.4
18 14 0.6
19 14 1.2
0 13 0.2
1 13 0.4
2 13 0
3 13 2
4 13 0.2
5 13 2.6
6 13 88.8
7 13 0.4
8 13 0.2
9 13 1.2
10 13 0.6
11 13 0.2
12 13 0
13 13 1
14 13 0.2
15 13 0.2
16 13 0.2
17 13 0
18 13 0.6
19 13 1
0 12 0.4
1 12 1.4
2 12 2.4
3 12 0.2
4 12 1.6
5 12 0.2
6 12 0.4
7 12 81.2
8 12 0.4
9 12 0.2
10 12 0.8
11 12 0
12 12 1.2
13 12 5
14 12 0.4
15 12 2.6
16 12 0.6
17 12 0
18 12 0
19 12 1
0 11 6
1 11 0.4
2 11 0
3 11 0.4
4 11 1.2
5 11 0.2
6 11 0.2
7 11 0.4
8 11 77
9 11 0
10 11 0.8
11 11 4.8
12 11 3.2
13 11 0
14 11 0.2
15 11 1.6
16 11 3.4
17 11 0
18 11 0
19 11 0.2
0 10 0
1 10 0.2
2 10 0
3 10 0
4 10 0
5 10 0.8
6 10 0.6
7 10 0
8 10 0
9 10 88.8
10 10 3.4
11 10 0.4
12 10 0
13 10 0.6
14 10 0
15 10 0.6
16 10 0
17 10 0.6
18 10 1.4
19 10 2.6
0 9 1.2
1 9 0.6
2 9 0.2
3 9 0
4 9 0.2
5 9 0
6 9 0.4
7 9 0.2
8 9 0.8
9 9 1.8
10 9 89
11 9 0.4
12 9 0.4
13 9 0.2
14 9 0
15 9 0.4
16 9 0
17 9 3.4
18 9 0.2
19 9 0.6
0 8 3.2
1 8 0.4
2 8 0.4
3 8 0.2
4 8 0.8
5 8 0.2
6 8 0.6
7 8 0
8 8 4.4
9 8 0.2
10 8 0
11 8 78
12 8 2.2
13 8 0.2
14 8 1
15 8 2.4
16 8 4.4
17 8 0.4
18 8 0.2
19 8 0.8
0 7 2.2
1 7 1
2 7 0.6
3 7 0.2
4 7 0
5 7 0.2
6 7 0.4
7 7 0.8
8 7 5.2
9 7 0.2
10 7 0
11 7 2
12 7 75
13 7 0.8
14 7 1.2
15 7 2
16 7 6.8
17 7 0.2
18 7 0.4
19 7 0.8
0 6 1.8
1 6 2
2 6 0
3 6 1.2
4 6 1.8
5 6 0.8
6 6 1.2
7 6 5
8 6 0.6
9 6 0
10 6 1.2
11 6 0.6
12 6 0.4
13 6 74.8
14 6 0.6
15 6 5.2
16 6 1.2
17 6 0.6
18 6 0.2
19 6 0.8
0 5 0.8
1 5 1.6
2 5 1.4
3 5 0.8
4 5 0.6
5 5 0.4
6 5 1
7 5 0
8 5 0.6
9 5 0.2
10 5 0.2
11 5 1.8
12 5 0.8
13 5 0.6
14 5 87.4
15 5 0.2
16 5 0.6
17 5 0
18 5 0.2
19 5 0.8
0 4 5.6
1 4 4
2 4 0
3 4 0.2
4 4 1.4
5 4 0.4
6 4 0.4
7 4 3.4
8 4 2
9 4 0.4
10 4 0.6
11 4 1.2
12 4 1.8
13 4 5.6
14 4 0.4
15 4 69
16 4 2
17 4 0.2
18 4 0
19 4 1.4
0 3 4.8
1 3 1
2 3 0.4
3 3 0.2
4 3 0.8
5 3 0.2
6 3 1
7 3 1.4
8 3 1.6
9 3 0.2
10 3 0.8
11 3 2.8
12 3 5.2
13 3 1.2
14 3 0.4
15 3 2.6
16 3 74.8
17 3 0.4
18 3 0
19 3 0.2
0 2 0
1 2 0.2
2 2 0
3 2 0.2
4 2 0.2
5 2 0.4
6 2 0
7 2 0.4
8 2 0.2
9 2 0.6
10 2 3.4
11 2 0
12 2 0.6
13 2 0.4
14 2 0
15 2 0.4
16 2 0
17 2 92.6
18 2 0.2
19 2 0.2
0 1 0
1 1 0.6
2 1 0
3 1 0
4 1 0
5 1 1.4
6 1 0.4
7 1 0.2
8 1 0
9 1 2.6
10 1 1
11 1 0
12 1 0.2
13 1 0.4
14 1 0.4
15 1 0.2
16 1 0
17 1 0
18 1 85.2
19 1 7.4
0 0 0.2
1 0 0.4
2 0 0
3 0 1
4 0 0
5 0 0.8
6 0 1.2
7 0 0.2
8 0 0.2
9 0 2
10 0 1
11 0 0.6
12 0 0.4
13 0 0.4
14 0 0
15 0 0.8
16 0 0.2
17 0 0
18 0 4.4
19 0 86.2
