x y c
0 14 rgb255=14,139,201
1 14 rgb255=62,151,179
2 14 rgb255=109,151,146
3 14 rgb255=255,255,255
4 14 rgb255=149,242,171
5 14 rgb255=84,139,115
6 14 rgb255=96,102,215
7 14 rgb255=255,255,255
8 14 rgb255=84,141,68
9 14 rgb255=139,132,174
10 14 rgb255=128,247,117
11 14 rgb255=255,255,255
12 14 rgb255=0,17,255
13 14 rgb255=80,100,230
14 14 rgb255=186,65,155
0 13 rgb255=168,71,153
1 13 rgb255=168,97,89
2 13 rgb255=50,107,29
3 13 rgb255=255,255,255
4 13 rgb255=82,50,110
5 13 rgb255=68,91,66
6 13 rgb255=111,81,35
7 13 rgb255=255,255,255
8 13 rgb255=0,84,139
9 13 rgb255=149,172,187
10 13 rgb255=73,152,208
11 13 rgb255=255,255,255
12 13 rgb255=119,72,188
13 13 rgb255=100,155,226
14 13 rgb255=44,104,124
0 12 rgb255=144,0,80
1 12 rgb255=255,136,138
2 12 rgb255=132,180,35
3 12 rgb255=255,255,255
4 12 rgb255=74,237,91
5 12 rgb255=141,232,0
6 12 rgb255=255,35,127
7 12 rgb255=255,255,255
8 12 rgb255=16,118,137
9 12 rgb255=78,255,162
10 12 rgb255=44,112,186
11 12 rgb255=255,255,255
12 12 rgb255=194,116,183
13 12 rgb255=197,95,59
14 12 rgb255=198,113,94
0 11 rgb255=255,255,255
1 11 rgb255=255,255,255
2 11 rgb255=255,255,255
3 11 rgb255=255,255,255
4 11 rgb255=255,255,255
5 11 rgb255=255,255,255
6 11 rgb255=255,255,255
7 11 rgb255=255,255,255
8 11 rgb255=255,255,255
9 11 rgb255=255,255,255
10 11 rgb255=255,255,255
11 11 rgb255=255,255,255
12 11 rgb255=255,255,255
13 11 rgb255=255,255,255
14 11 rgb255=255,255,255
0 10 rgb255=148,143,109
1 10 rgb255=133,255,182
2 10 rgb255=211,218,163
3 10 rgb255=255,255,255
4 10 rgb255=169,230,170
5 10 rgb255=197,153,63
6 10 rgb255=255,130,69
7 10 rgb255=255,255,255
8 10 rgb255=98,102,171
9 10 rgb255=215,26,188
10 10 rgb255=255,241,160
11 10 rgb255=255,255,255
12 10 rgb255=173,255,194
13 10 rgb255=120,92,118
14 10 rgb255=150,166,93
0 9 rgb255=133,205,164
1 9 rgb255=138,96,135
2 9 rgb255=157,113,101
3 9 rgb255=255,255,255
4 9 rgb255=0,155,198
5 9 rgb255=188,179,209
6 9 rgb255=212,165,130
7 9 rgb255=255,255,255
8 9 rgb255=141,156,121
9 9 rgb255=154,153,114
10 9 rgb255=122,163,0
11 9 rgb255=255,255,255
12 9 rgb255=87,106,156
13 9 rgb255=48,109,66
14 9 rgb255=119,110,107
0 8 rgb255=141,54,169
1 8 rgb255=202,185,216
2 8 rgb255=32,0,51
3 8 rgb255=255,255,255
4 8 rgb255=119,191,250
5 8 rgb255=104,102,184
6 8 rgb255=199,130,169
7 8 rgb255=255,255,255
8 8 rgb255=128,153,176
9 8 rgb255=146,203,209
10 8 rgb255=25,120,147
11 8 rgb255=255,255,255
12 8 rgb255=133,190,0
13 8 rgb255=126,104,42
14 8 rgb255=8,18,61
0 7 rgb255=255,255,255
1 7 rgb255=255,255,255
2 7 rgb255=255,255,255
3 7 rgb255=255,255,255
4 7 rgb255=255,255,255
5 7 rgb255=255,255,255
6 7 rgb255=255,255,255
7 7 rgb255=255,255,255
8 7 rgb255=255,255,255
9 7 rgb255=255,255,255
10 7 rgb255=255,255,255
11 7 rgb255=255,255,255
12 7 rgb255=255,255,255
13 7 rgb255=255,255,255
14 7 rgb255=255,255,255
0 6 rgb255=32,97,159
1 6 rgb255=99,0,118
2 6 rgb255=140,120,44
3 6 rgb255=255,255,255
4 6 rgb255=65,165,70
5 6 rgb255=75,166,161
6 6 rgb255=139,177,255
7 6 rgb255=255,255,255
8 6 rgb255=203,255,173
9 6 rgb255=90,191,172
10 6 rgb255=143,96,180
11 6 rgb255=255,255,255
12 6 rgb255=137,206,75
13 6 rgb255=152,86,116
14 6 rgb255=0,39,205
0 5 rgb255=87,238,202
1 5 rgb255=193,151,140
2 5 rgb255=95,98,104
3 5 rgb255=255,255,255
4 5 rgb255=118,134,0
5 5 rgb255=160,95,171
6 5 rgb255=52,66,190
7 5 rgb255=255,255,255
8 5 rgb255=104,178,106
9 5 rgb255=98,117,19
10 5 rgb255=98,11,51
11 5 rgb255=255,255,255
12 5 rgb255=152,164,157
13 5 rgb255=155,199,130
14 5 rgb255=134,122,255
0 4 rgb255=131,232,183
1 4 rgb255=133,255,34
2 4 rgb255=86,234,135
3 4 rgb255=255,255,255
4 4 rgb255=254,143,165
5 4 rgb255=176,139,98
6 4 rgb255=137,65,65
7 4 rgb255=255,255,255
8 4 rgb255=0,219,135
9 4 rgb255=160,76,95
10 4 rgb255=193,157,148
11 4 rgb255=255,255,255
12 4 rgb255=144,101,68
13 4 rgb255=162,110,58
14 4 rgb255=142,125,112
0 3 rgb255=255,255,255
1 3 rgb255=255,255,255
2 3 rgb255=255,255,255
3 3 rgb255=255,255,255
4 3 rgb255=255,255,255
5 3 rgb255=255,255,255
6 3 rgb255=255,255,255
7 3 rgb255=255,255,255
8 3 rgb255=255,255,255
9 3 rgb255=255,255,255
10 3 rgb255=255,255,255
11 3 rgb255=255,255,255
12 3 rgb255=255,255,255
13 3 rgb255=255,255,255
14 3 rgb255=255,255,255
0 2 rgb255=250,178,249
1 2 rgb255=73,112,40
2 2 rgb255=0,46,46
3 2 rgb255=255,255,255
4 2 rgb255=210,100,19
5 2 rgb255=90,28,23
6 2 rgb255=89,82,41
7 2 rgb255=255,255,255
8 2 rgb255=173,136,65
9 2 rgb255=103,53,155
10 2 rgb255=50,91,106
11 2 rgb255=255,255,255
12 2 rgb255=168,161,252
13 2 rgb255=117,121,200
14 2 rgb255=76,108,162
0 1 rgb255=147,225,160
1 1 rgb255=34,62,96
2 1 rgb255=21,28,114
3 1 rgb255=255,255,255
4 1 rgb255=84,119,29
5 1 rgb255=179,182,226
6 1 rgb255=118,255,104
7 1 rgb255=255,255,255
8 1 rgb255=255,115,0
9 1 rgb255=161,162,122
10 1 rgb255=120,135,61
11 1 rgb255=255,255,255
12 1 rgb255=99,176,152
13 1 rgb255=82,95,158
14 1 rgb255=59,255,159
0 0 rgb255=177,38,167
1 0 rgb255=96,87,62
2 0 rgb255=255,88,114
3 0 rgb255=255,255,255
4 0 rgb255=134,60,210
5 0 rgb255=0,133,184
6 0 rgb255=100,100,149
7 0 rgb255=255,255,255
8 0 rgb255=90,102,58
9 0 rgb255=115,51,53
10 0 rgb255=186,74,35
11 0 rgb255=255,255,255
12 0 rgb255=98,128,132
13 0 rgb255=0,166,102
14 0 rgb255=127,202,191
