x y v
0 31 0.387198
1 31 0.534491
2 31 0.47979
3 31 0.53589
4 31 0.547126
5 31 0.464351
6 31 0.488002
7 31 0.500521
8 31 0.487514
9 31 0.474916
10 31 0.46529
11 31 0.48077
12 31 0.529079
13 31 0.522943
14 31 0.488038
15 31 0.486585
16 31 0.484737
17 31 0.504115
18 31 0.53475
19 31 0.564619
20 31 0.516897
21 31 0.460874
22 31 0.483043
23 31 0.499916
24 31 0.484465
25 31 0.474339
26 31 0.481381
27 31 0.489188
28 31 0.483545
29 31 0.473401
30 31 0.48303
31 31 0.663824
0 30 0.350352
1 30 0.582395
2 30 0.57249
3 30 0.655434
4 30 0.639802
5 30 0.534571
6 30 0.575839
7 30 0.594649
8 30 0.543026
9 30 0.532679
10 30 0.545249
11 30 0.577547
12 30 0.652904
13 30 0.633823
14 30 0.557724
15 30 0.565499
16 30 0.566245
17 30 0.577715
18 30 0.629049
19 30 0.651817
20 30 0.574719
21 30 0.544243
22 30 0.587099
23 30 0.58433
24 30 0.556029
25 30 0.568558
26 30 0.593203
27 30 0.577603
28 30 0.552934
29 30 0.55713
30 30 0.587586
31 30 0.868005
0 29 0.362918
1 29 0.577959
2 29 0.607436
3 29 0.629696
4 29 0.618632
5 29 0.552276
6 29 0.604895
7 29 0.593858
8 29 0.507221
9 29 0.513195
10 29 0.556063
11 29 0.581061
12 29 0.656619
13 29 0.60911
14 29 0.559826
15 29 0.591619
16 29 0.562633
17 29 0.549093
18 29 0.622984
19 29 0.643745
20 29 0.601476
21 29 0.618978
22 29 0.609152
23 29 0.5853
24 29 0.619464
25 29 0.677711
26 29 0.659029
27 29 0.541978
28 29 0.510875
29 29 0.561739
30 29 0.591822
31 29 0.859729
0 28 0.344876
1 28 0.504276
2 28 0.572898
3 28 0.58446
4 28 0.59455
5 28 0.605038
6 28 0.597531
7 28 0.499214
8 28 0.436808
9 28 0.491232
10 28 0.54564
11 28 0.590565
12 28 0.633317
13 28 0.591806
14 28 0.624113
15 28 0.661387
16 28 0.544309
17 28 0.506593
18 28 0.605285
19 28 0.61896
20 28 0.607937
21 28 0.65648
22 28 0.647867
23 28 0.688673
24 28 0.769949
25 28 0.792755
26 28 0.63899
27 28 0.447328
28 28 0.501523
29 28 0.532761
30 28 0.521219
31 28 0.839384
0 27 0.322787
1 27 0.487498
2 27 0.520355
3 27 0.542825
4 27 0.584136
5 27 0.610232
6 27 0.571503
7 27 0.527092
8 27 0.538162
9 27 0.537328
10 27 0.534323
11 27 0.59415
12 27 0.605322
13 27 0.578043
14 27 0.672544
15 27 0.709457
16 27 0.505875
17 27 0.445729
18 27 0.585657
19 27 0.612639
20 27 0.644527
21 27 0.69976
22 27 0.737664
23 27 0.812024
24 27 0.810407
25 27 0.652737
26 27 0.428336
27 27 0.458434
28 27 0.618846
29 27 0.436758
30 27 0.358576
31 27 0.812999
0 26 0.328338
1 26 0.556794
2 26 0.530059
3 26 0.543986
4 26 0.5759
5 26 0.606745
6 26 0.61869
7 26 0.621676
8 26 0.634775
9 26 0.561118
10 26 0.527601
11 26 0.586877
12 26 0.595917
13 26 0.578319
14 26 0.674049
15 26 0.708401
16 26 0.498044
17 26 0.423295
18 26 0.569494
19 26 0.637983
20 26 0.700063
21 26 0.812071
22 26 0.847131
23 26 0.79689
24 26 0.670155
25 26 0.389839
26 26 0.331618
27 26 0.68973
28 26 0.775156
29 26 0.322928
30 26 0.207246
31 26 0.74629
0 25 0.348227
1 25 0.54705
2 25 0.508514
3 25 0.539422
4 25 0.584667
5 25 0.613239
6 25 0.63706
7 25 0.672104
8 25 0.680623
9 25 0.521832
10 25 0.49156
11 25 0.582464
12 25 0.581606
13 25 0.591321
14 25 0.658008
15 25 0.701245
16 25 0.533827
17 25 0.434221
18 25 0.554906
19 25 0.683272
20 25 0.841907
21 25 0.942127
22 25 0.773101
23 25 0.69134
24 25 0.559807
25 25 0.222325
26 25 0.399254
27 25 0.864381
28 25 0.872626
29 25 0.393649
30 25 0.10657
31 25 0.609334
0 24 0.330967
1 24 0.52679
2 24 0.522477
3 24 0.556424
4 24 0.584446
5 24 0.61087
6 24 0.640203
7 24 0.6992
8 24 0.655995
9 24 0.450271
10 24 0.474794
11 24 0.606052
12 24 0.558046
13 24 0.586945
14 24 0.659864
15 24 0.674748
16 24 0.559367
17 24 0.481317
18 24 0.607085
19 24 0.799596
20 24 0.937618
21 24 0.878015
22 24 0.684127
23 24 0.683557
24 24 0.467993
25 24 0.144104
26 24 0.382118
27 24 0.80964
28 24 0.940654
29 24 0.536591
30 24 0.0710874
31 24 0.509342
0 23 0.297638
1 23 0.508534
2 23 0.546376
3 23 0.588409
4 23 0.58684
5 23 0.594271
6 23 0.639397
7 23 0.699585
8 23 0.623403
9 23 0.519002
10 23 0.640841
11 23 0.721913
12 23 0.58796
13 23 0.556463
14 23 0.611475
15 23 0.619403
16 23 0.57104
17 23 0.566259
18 23 0.758024
19 23 0.910632
20 23 0.864883
21 23 0.759988
22 23 0.690029
23 23 0.666686
24 23 0.325078
25 23 0.0626621
26 23 0.430089
27 23 0.831573
28 23 1
29 23 0.585228
30 23 0.0580908
31 23 0.472799
0 22 0.302857
1 22 0.549436
2 22 0.579336
3 22 0.598134
4 22 0.574484
5 22 0.58815
6 22 0.660842
7 22 0.690431
8 22 0.669807
9 22 0.759317
10 22 0.887071
11 22 0.830524
12 22 0.642484
13 22 0.537009
14 22 0.537587
15 22 0.611274
16 22 0.631834
17 22 0.68829
18 22 0.888027
19 22 0.879524
20 22 0.736539
21 22 0.688884
22 22 0.685378
23 22 0.611861
24 22 0.169552
25 22 0.0844759
26 22 0.524725
27 22 0.788077
28 22 0.878953
29 22 0.525293
30 22 0.0686122
31 22 0.496175
0 21 0.318379
1 21 0.596174
2 21 0.624194
3 21 0.585453
4 21 0.559025
5 21 0.633145
6 21 0.706451
7 21 0.72193
8 21 0.795142
9 21 0.946257
10 21 0.886939
11 21 0.738032
12 21 0.589052
13 21 0.481966
14 21 0.499213
15 21 0.629744
16 21 0.695507
17 21 0.746004
18 21 0.811311
19 21 0.747292
20 21 0.686505
21 21 0.639249
22 21 0.65742
23 21 0.564541
24 21 0.0985653
25 21 0.129169
26 21 0.538631
27 21 0.668465
28 21 0.75942
29 21 0.518713
30 21 0.189569
31 21 0.576944
0 20 0.369078
1 20 0.651511
2 20 0.639241
3 20 0.554712
4 20 0.604792
5 20 0.738129
6 20 0.713326
7 20 0.68521
8 20 0.866741
9 20 0.929704
10 20 0.748258
11 20 0.660577
12 20 0.592503
13 20 0.524401
14 20 0.482283
15 20 0.543798
16 20 0.608995
17 20 0.605019
18 20 0.599031
19 20 0.644838
20 20 0.657539
21 20 0.608778
22 20 0.643093
23 20 0.515862
24 20 0.073721
25 20 0.158457
26 20 0.526102
27 20 0.55811
28 20 0.59567
29 20 0.53092
30 20 0.382675
31 20 0.68849
0 19 0.450109
1 19 0.69667
2 19 0.613337
3 19 0.581843
4 19 0.728785
5 19 0.773643
6 19 0.554824
7 19 0.546923
8 19 0.892256
9 19 0.921668
10 19 0.699406
11 19 0.604471
12 19 0.55435
13 19 0.548931
14 19 0.553102
15 19 0.555483
16 19 0.529847
17 19 0.488685
18 19 0.513612
19 19 0.585825
20 19 0.600997
21 19 0.598537
22 19 0.65749
23 19 0.435533
24 19 0.0343316
25 19 0.207349
26 19 0.514452
27 19 0.497506
28 19 0.531854
29 19 0.60116
30 19 0.554189
31 19 0.782863
0 18 0.520252
1 18 0.695422
2 18 0.574089
3 18 0.669078
4 18 0.783719
5 18 0.625637
6 18 0.373115
7 18 0.530627
8 18 0.949043
9 18 0.919529
10 18 0.660396
11 18 0.554069
12 18 0.539788
13 18 0.570856
14 18 0.572179
15 18 0.567988
16 18 0.544047
17 18 0.514515
18 18 0.508409
19 18 0.545916
20 18 0.537773
21 18 0.589563
22 18 0.680179
23 18 0.333484
24 18 0.00645381
25 18 0.298412
26 18 0.50593
27 18 0.503666
28 18 0.567485
29 18 0.628295
30 18 0.574415
31 18 0.797145
0 17 0.526848
1 17 0.649294
2 17 0.614156
3 17 0.765617
4 17 0.689923
5 17 0.492138
6 17 0.333202
7 17 0.510354
8 17 0.945754
9 17 0.90462
10 17 0.647155
11 17 0.533886
12 17 0.536007
13 17 0.605413
14 17 0.588761
15 17 0.576367
16 17 0.557318
17 17 0.531437
18 17 0.479863
19 17 0.506777
20 17 0.529208
21 17 0.601206
22 17 0.674362
23 17 0.257326
24 17 0.0273957
25 17 0.37587
26 17 0.515645
27 17 0.535241
28 17 0.603148
29 17 0.620661
30 17 0.527997
31 17 0.782595
0 16 0.43635
1 16 0.618899
2 16 0.77621
3 16 0.802615
4 16 0.572355
5 16 0.471294
6 16 0.313868
7 16 0.442693
8 16 0.887948
9 16 0.894962
10 16 0.670787
11 16 0.514546
12 16 0.5168
13 16 0.628886
14 16 0.605784
15 16 0.57838
16 16 0.566244
17 16 0.53926
18 16 0.440203
19 16 0.44948
20 16 0.55334
21 16 0.63323
22 16 0.629146
23 16 0.208498
24 16 0.0401602
25 16 0.404967
26 16 0.532933
27 16 0.543206
28 16 0.593184
29 16 0.60427
30 16 0.579769
31 16 0.819648
0 15 0.330666
1 15 0.688834
2 15 0.91669
3 15 0.749738
4 15 0.533991
5 15 0.507155
6 15 0.285409
7 15 0.359674
8 15 0.793149
9 15 0.899715
10 15 0.753448
11 15 0.489554
12 15 0.449079
13 15 0.633912
14 15 0.640857
15 15 0.590446
16 15 0.571058
17 15 0.548464
18 15 0.389008
19 15 0.349616
20 15 0.606958
21 15 0.721488
22 15 0.547983
23 15 0.110036
24 15 0.0476822
25 15 0.440304
26 15 0.548444
27 15 0.556391
28 15 0.584924
29 15 0.63451
30 15 0.671508
31 15 0.838512
0 14 0.298991
1 14 0.783436
2 14 0.924309
3 14 0.704984
4 14 0.604375
5 14 0.535744
6 14 0.252284
7 14 0.298705
8 14 0.683646
9 14 0.904406
10 14 0.875491
11 14 0.457065
12 14 0.325678
13 14 0.616185
14 14 0.674932
15 14 0.613199
16 14 0.578091
17 14 0.563102
18 14 0.323536
19 14 0.244275
20 14 0.69359
21 14 0.828865
22 14 0.450584
23 14 0
24 14 0.119561
25 14 0.510864
26 14 0.562344
27 14 0.577301
28 14 0.595544
29 14 0.635238
30 14 0.674354
31 14 0.812887
0 13 0.342257
1 13 0.789031
2 13 0.803077
3 13 0.724275
4 13 0.711784
5 13 0.555332
6 13 0.238505
7 13 0.262995
8 13 0.569996
9 13 0.853587
10 13 0.959983
11 13 0.429043
12 13 0.17754
13 13 0.568689
14 13 0.66865
15 13 0.620228
16 13 0.575411
17 13 0.544074
18 13 0.253982
19 13 0.203683
20 13 0.753461
21 13 0.890294
22 13 0.440926
23 13 0.0912058
24 13 0.256986
25 13 0.525266
26 13 0.552373
27 13 0.581737
28 13 0.589471
29 13 0.60728
30 13 0.653307
31 13 0.816462
0 12 0.394046
1 12 0.716083
2 12 0.681421
3 12 0.779644
4 12 0.791835
5 12 0.572834
6 12 0.25301
7 12 0.226412
8 12 0.48481
9 12 0.778731
10 12 0.963584
11 12 0.451622
12 12 0.134389
13 12 0.517169
14 12 0.649006
15 12 0.62595
16 12 0.581311
17 12 0.496265
18 12 0.250386
19 12 0.289541
20 12 0.749716
21 12 0.826727
22 12 0.548346
23 12 0.315343
24 12 0.327319
25 12 0.455337
26 12 0.488063
27 12 0.569517
28 12 0.586487
29 12 0.588839
30 12 0.622712
31 12 0.842061
0 11 0.413259
1 11 0.612541
2 11 0.615948
3 11 0.814417
4 11 0.817801
5 11 0.613139
6 11 0.278893
7 11 0.186542
8 11 0.505516
9 11 0.743376
10 11 0.899271
11 11 0.541698
12 11 0.159271
13 11 0.450261
14 11 0.622732
15 11 0.650571
16 11 0.625702
17 11 0.499093
18 11 0.392289
19 11 0.488162
20 11 0.68699
21 11 0.701053
22 11 0.694085
23 11 0.496284
24 11 0.319152
25 11 0.396595
26 11 0.386331
27 11 0.532884
28 11 0.589832
29 11 0.578325
30 11 0.605613
31 11 0.871272
0 10 0.382513
1 10 0.553747
2 10 0.629341
3 10 0.793202
4 10 0.797038
5 10 0.642273
6 10 0.278446
7 10 0.22546
8 10 0.649172
9 10 0.699195
10 10 0.712894
11 10 0.621539
12 10 0.26221
13 10 0.400007
14 10 0.599823
15 10 0.642563
16 10 0.611797
17 10 0.50536
18 10 0.531841
19 10 0.598613
20 10 0.597894
21 10 0.625929
22 10 0.814463
23 10 0.683337
24 10 0.487249
25 10 0.458839
26 10 0.32652
27 10 0.479226
28 10 0.591491
29 10 0.59138
30 10 0.622727
31 10 0.871674
0 9 0.336233
1 9 0.567412
2 9 0.663354
3 9 0.717743
4 9 0.725226
5 9 0.607968
6 9 0.271501
7 9 0.319
8 9 0.779139
9 9 0.612232
10 9 0.491332
11 9 0.679142
12 9 0.392651
13 9 0.373997
14 9 0.585348
15 9 0.62385
16 9 0.600028
17 9 0.531966
18 9 0.559626
19 9 0.587876
20 9 0.582056
21 9 0.592124
22 9 0.800437
23 9 0.770333
24 9 0.638763
25 9 0.528651
26 9 0.318364
27 9 0.419558
28 9 0.594121
29 9 0.63113
30 9 0.683346
31 9 0.865291
0 8 0.314224
1 8 0.603457
2 8 0.650041
3 8 0.634792
4 8 0.655369
5 8 0.56473
6 8 0.331745
7 8 0.429214
8 8 0.828631
9 8 0.591247
10 8 0.414956
11 8 0.744209
12 8 0.491463
13 8 0.329936
14 8 0.555993
15 8 0.63347
16 8 0.604709
17 8 0.536792
18 8 0.564982
19 8 0.584767
20 8 0.589632
21 8 0.593607
22 8 0.752995
23 8 0.845436
24 8 0.723825
25 8 0.506355
26 8 0.27839
27 8 0.353907
28 8 0.591923
29 8 0.652782
30 8 0.693953
31 8 0.808493
0 7 0.312881
1 7 0.607131
2 7 0.604888
3 7 0.587539
4 7 0.609338
5 7 0.550122
6 7 0.434778
7 7 0.518164
8 7 0.833301
9 7 0.636984
10 7 0.416315
11 7 0.753271
12 7 0.556039
13 7 0.30543
14 7 0.51438
15 7 0.655266
16 7 0.607015
17 7 0.522742
18 7 0.543339
19 7 0.583115
20 7 0.59001
21 7 0.640887
22 7 0.744795
23 7 0.819579
24 7 0.768989
25 7 0.568317
26 7 0.269066
27 7 0.296888
28 7 0.569268
29 7 0.621318
30 7 0.629165
31 7 0.773923
0 6 0.321319
1 6 0.595885
2 6 0.571924
3 6 0.575733
4 6 0.588201
5 6 0.549402
6 6 0.511595
7 6 0.56645
8 6 0.830766
9 6 0.67349
10 6 0.374431
11 6 0.689659
12 6 0.648045
13 6 0.355004
14 6 0.458068
15 6 0.6323
16 6 0.604064
17 6 0.515218
18 6 0.518115
19 6 0.585267
20 6 0.58284
21 6 0.693359
22 6 0.75416
23 6 0.742423
24 6 0.79545
25 6 0.6008
26 6 0.189476
27 6 0.267236
28 6 0.555726
29 6 0.584033
30 6 0.591052
31 6 0.848802
0 5 0.320122
1 5 0.584098
2 5 0.554069
3 5 0.56558
4 5 0.576231
5 5 0.559072
6 5 0.571267
7 5 0.5836
8 5 0.833741
9 5 0.754056
10 5 0.347728
11 5 0.527786
12 5 0.721668
13 5 0.481182
14 5 0.406285
15 5 0.560142
16 5 0.612571
17 5 0.536714
18 5 0.522731
19 5 0.588717
20 5 0.567592
21 5 0.694799
22 5 0.731643
23 5 0.678738
24 5 0.800685
25 5 0.561141
26 5 0.127843
27 5 0.35393
28 5 0.6076
29 5 0.616026
30 5 0.596307
31 5 0.853378
0 4 0.303394
1 4 0.575313
2 4 0.547989
3 4 0.569344
4 4 0.563315
5 4 0.552728
6 4 0.58484
7 4 0.595084
8 4 0.813206
9 4 0.825426
10 4 0.40876
11 4 0.388362
12 4 0.72186
13 4 0.62043
14 4 0.420624
15 4 0.480526
16 4 0.63037
17 4 0.584358
18 4 0.580417
19 4 0.611497
20 4 0.574454
21 4 0.656716
22 4 0.704344
23 4 0.676811
24 4 0.813266
25 4 0.507467
26 4 0.171282
27 4 0.480101
28 4 0.653593
29 4 0.631307
30 4 0.611883
31 4 0.807249
0 3 0.286557
1 3 0.576958
2 3 0.565484
3 3 0.575575
4 3 0.558359
5 3 0.557352
6 3 0.578905
7 3 0.588303
8 3 0.724212
9 3 0.82106
10 3 0.51795
11 3 0.335077
12 3 0.645024
13 3 0.756845
14 3 0.538238
15 3 0.423287
16 3 0.590465
17 3 0.622118
18 3 0.61608
19 3 0.620583
20 3 0.563658
21 3 0.616899
22 3 0.695906
23 3 0.658054
24 3 0.706514
25 3 0.491267
26 3 0.262701
27 3 0.480622
28 3 0.598917
29 3 0.57769
30 3 0.562599
31 3 0.719217
0 2 0.280297
1 2 0.576134
2 2 0.574567
3 2 0.579541
4 2 0.580945
5 2 0.585743
6 2 0.593204
7 2 0.609679
8 2 0.650042
9 2 0.749796
10 2 0.565672
11 2 0.41629
12 2 0.607964
13 2 0.80356
14 2 0.652244
15 2 0.411604
16 2 0.483715
17 2 0.575703
18 2 0.585185
19 2 0.576047
20 2 0.532215
21 2 0.599551
22 2 0.634925
23 2 0.539557
24 2 0.558164
25 2 0.487421
26 2 0.377395
27 2 0.469055
28 2 0.561173
29 2 0.562961
30 2 0.554008
31 2 0.778373
0 1 0.280823
1 1 0.574499
2 1 0.574973
3 1 0.581833
4 1 0.601744
5 1 0.619259
6 1 0.626177
7 1 0.653432
8 1 0.644349
9 1 0.622679
10 1 0.619413
11 1 0.634549
12 1 0.590511
13 1 0.676203
14 1 0.695294
15 1 0.432795
16 1 0.371778
17 1 0.523222
18 1 0.574529
19 1 0.582774
20 1 0.569878
21 1 0.630824
22 1 0.601646
23 1 0.47821
24 1 0.477965
25 1 0.573422
26 1 0.51422
27 1 0.465135
28 1 0.552177
29 1 0.579565
30 1 0.582812
31 1 0.876382
0 0 0.375896
1 0 0.623707
2 0 0.628849
3 0 0.637829
4 0 0.658984
5 0 0.667192
6 0 0.671794
7 0 0.688832
8 0 0.654709
9 0 0.597423
10 0 0.629511
11 0 0.648338
12 0 0.58413
13 0 0.645554
14 0 0.748812
15 0 0.545919
16 0 0.422168
17 0 0.54136
18 0 0.613521
19 0 0.613994
20 0 0.612414
21 0 0.643043
22 0 0.606376
23 0 0.530055
24 0 0.572221
25 0 0.668891
26 0 0.581447
27 0 0.535292
28 0 0.613139
29 0 0.636957
30 0 0.637212
31 0 0.874267
