x y v
0 31 0.825185
1 31 0.631862
2 31 0.72447
3 31 0.868943
4 31 0.698581
5 31 0.821517
6 31 0.828487
7 31 0.783876
8 31 0.761782
9 31 0.77894
10 31 0.805545
11 31 0.871148
12 31 0.841885
13 31 0.798061
14 31 0.832408
15 31 0.81448
16 31 0.841567
17 31 0.824244
18 31 0.809764
19 31 0.733426
20 31 0.618624
21 31 0.713257
22 31 0.813835
23 31 0.822978
24 31 0.789267
25 31 0.79927
26 31 0.822045
27 31 0.825162
28 31 0.813615
29 31 0.821817
30 31 0.846303
31 31 0.994423
0 30 0.858794
1 30 0.696486
2 30 0.586218
3 30 0.638888
4 30 0.416477
5 30 0.491727
6 30 0.61768
7 30 0.66621
8 30 0.706967
9 30 0.686743
10 30 0.641737
11 30 0.661038
12 30 0.681773
13 30 0.493836
14 30 0.57182
15 30 0.598538
16 30 0.626569
17 30 0.655792
18 30 0.682659
19 30 0.648858
20 30 0.586812
21 30 0.610771
22 30 0.571505
23 30 0.539558
24 30 0.582873
25 30 0.631464
26 30 0.650223
27 30 0.659652
28 30 0.645885
29 30 0.652053
30 30 0.652608
31 30 0.855506
0 29 0.632905
1 29 0.688588
2 29 0.637452
3 29 0.700779
4 29 0.528536
5 29 0.547697
6 29 0.533403
7 29 0.352168
8 29 0.396956
9 29 0.606973
10 29 0.635812
11 29 0.660937
12 29 0.691261
13 29 0.57925
14 29 0.622279
15 29 0.611413
16 29 0.576349
17 29 0.64368
18 29 0.671182
19 29 0.598361
20 29 0.603755
21 29 0.614498
22 29 0.567539
23 29 0.559115
24 29 0.570448
25 29 0.623329
26 29 0.549834
27 29 0.527678
28 29 0.623127
29 29 0.665488
30 29 0.648349
31 29 0.840973
0 28 0.543361
1 28 0.577426
2 28 0.540822
3 28 0.640856
4 28 0.681539
5 28 0.667217
6 28 0.556521
7 28 0.546516
8 28 0.597213
9 28 0.638947
10 28 0.608221
11 28 0.659254
12 28 0.595637
13 28 0.620952
14 28 0.67823
15 28 0.553108
16 28 0.515776
17 28 0.604402
18 28 0.654919
19 28 0.564898
20 28 0.684593
21 28 0.626839
22 28 0.525741
23 28 0.612291
24 28 0.526941
25 28 0.364119
26 28 0.11343
27 28 0.305155
28 28 0.562083
29 28 0.622294
30 28 0.64078
31 28 0.846003
0 27 0.673225
1 27 0.706434
2 27 0.686933
3 27 0.660257
4 27 0.661353
5 27 0.692459
6 27 0.683304
7 27 0.72715
8 27 0.702615
9 27 0.64371
10 27 0.659774
11 27 0.670734
12 27 0.604077
13 27 0.60259
14 27 0.72865
15 27 0.473031
16 27 0.441928
17 27 0.689476
18 27 0.671378
19 27 0.620413
20 27 0.591178
21 27 0.580545
22 27 0.660823
23 27 0.587337
24 27 0.372204
25 27 0.318274
26 27 0.179836
27 27 0.400046
28 27 0.286621
29 27 0.218928
30 27 0.692788
31 27 0.937617
0 26 0.783047
1 26 0.548482
2 26 0.588076
3 26 0.659678
4 26 0.645542
5 26 0.649326
6 26 0.603386
7 26 0.625166
8 26 0.635081
9 26 0.596738
10 26 0.673083
11 26 0.662964
12 26 0.647679
13 26 0.628723
14 26 0.716272
15 26 0.565272
16 26 0.395724
17 26 0.689265
18 26 0.685087
19 26 0.648354
20 26 0.64559
21 26 0.654586
22 26 0.424596
23 26 0.398672
24 26 0.322181
25 26 0.390756
26 26 0.814593
27 26 0.891553
28 26 0.211097
29 26 0.0384417
30 26 0.565043
31 26 0.895587
0 25 0.793863
1 25 0.627346
2 25 0.595824
3 25 0.654621
4 25 0.632506
5 25 0.670906
6 25 0.613147
7 25 0.613713
8 25 0.456525
9 25 0.435741
10 25 0.638279
11 25 0.625404
12 25 0.645649
13 25 0.654106
14 25 0.679158
15 25 0.665066
16 25 0.471734
17 25 0.619686
18 25 0.684329
19 25 0.676799
20 25 0.695065
21 25 0.448029
22 25 0.255997
23 25 0.46315
24 25 0.205664
25 25 0.39034
26 25 0.745027
27 25 0.700265
28 25 0.320006
29 25 0.0589596
30 25 0.414759
31 25 0.927603
0 24 0.659053
1 24 0.59389
2 24 0.65434
3 24 0.676968
4 24 0.639602
5 24 0.656116
6 24 0.630896
7 24 0.709823
8 24 0.510129
9 24 0.425162
10 24 0.700269
11 24 0.568426
12 24 0.618816
13 24 0.675757
14 24 0.641897
15 24 0.597363
16 24 0.55688
17 24 0.614462
18 24 0.674098
19 24 0.68495
20 24 0.576047
21 24 0.326772
22 24 0.33104
23 24 0.468696
24 24 0.1388
25 24 0.350586
26 24 0.717388
27 24 0.7563
28 24 0.654108
29 24 0.185185
30 24 0.334467
31 24 0.976012
0 23 0.735728
1 23 0.617562
2 23 0.667883
3 23 0.644306
4 23 0.628012
5 23 0.635052
6 23 0.676428
7 23 0.605257
8 23 0.586279
9 23 0.58441
10 23 0.799095
11 23 0.598352
12 23 0.597734
13 23 0.766056
14 23 0.682621
15 23 0.592894
16 23 0.556113
17 23 0.660899
18 23 0.702455
19 23 0.491078
20 23 0.363135
21 23 0.389793
22 23 0.360571
23 23 0.360964
24 23 0.0953573
25 23 0.577658
26 23 0.762907
27 23 0.674743
28 23 0.334288
29 23 0.0311796
30 23 0.264599
31 23 0.988921
0 22 0.785041
1 22 0.608827
2 22 0.675169
3 22 0.631898
4 22 0.6335
5 22 0.614209
6 22 0.687641
7 22 0.547452
8 22 0.607056
9 22 0.674152
10 22 0.462432
11 22 0.176638
12 22 0.0652308
13 22 0.244875
14 22 0.583188
15 22 0.778344
16 22 0.631526
17 22 0.746517
18 22 0.643209
19 22 0.331191
20 22 0.324054
21 22 0.390839
22 22 0.393842
23 22 0.279137
24 22 0.105939
25 22 0.770883
26 22 0.711776
27 22 0.737346
28 22 0.552461
29 22 0.155168
30 22 0.349171
31 22 1
0 21 0.798033
1 21 0.625609
2 21 0.636879
3 21 0.536682
4 21 0.638134
5 21 0.625114
6 21 0.683341
7 21 0.609946
8 21 0.590607
9 21 0.401253
10 21 0.233441
11 21 0.25411
12 21 0.222201
13 21 0.131138
14 21 0.0991696
15 21 0.278763
16 21 0.324096
17 21 0.432524
18 21 0.351678
19 21 0.380879
20 21 0.359435
21 21 0.312549
22 21 0.418826
23 21 0.232594
24 21 0.135417
25 21 0.793519
26 21 0.627567
27 21 0.701733
28 21 0.670982
29 21 0.348187
30 21 0.42453
31 21 0.957646
0 20 0.766186
1 20 0.607046
2 20 0.58616
3 20 0.527128
4 20 0.687928
5 20 0.636685
6 20 0.4842
7 20 0.453836
8 20 0.574416
9 20 0.314
10 20 0.338173
11 20 0.33279
12 20 0.314293
13 20 0.333507
14 20 0.304134
15 20 0.289853
16 20 0.18585
17 20 0.210681
18 20 0.328504
19 20 0.423616
20 20 0.408144
21 20 0.348208
22 20 0.404766
23 20 0.217317
24 20 0.159887
25 20 0.760118
26 20 0.58548
27 20 0.611112
28 20 0.723185
29 20 0.742167
30 20 0.635119
31 20 0.952614
0 19 0.72498
1 19 0.492645
2 19 0.479375
3 19 0.56422
4 19 0.638313
5 19 0.387197
6 19 0.328709
7 19 0.688897
8 19 0.70703
9 19 0.290506
10 19 0.297777
11 19 0.326219
12 19 0.348496
13 19 0.373184
14 19 0.367707
15 19 0.365562
16 19 0.343473
17 19 0.360398
18 19 0.412835
19 19 0.416586
20 19 0.368269
21 19 0.429114
22 19 0.385115
23 19 0.193486
24 19 0.275719
25 19 0.768625
26 19 0.559334
27 19 0.574036
28 19 0.619007
29 19 0.71353
30 19 0.634775
31 19 0.947507
0 18 0.748028
1 18 0.402398
2 18 0.438336
3 18 0.571087
4 18 0.44021
5 18 0.277068
6 18 0.408441
7 18 0.762749
8 18 0.667495
9 18 0.318825
10 18 0.307844
11 18 0.343593
12 18 0.397085
13 18 0.38124
14 18 0.378155
15 18 0.361932
16 18 0.337091
17 18 0.351116
18 18 0.374169
19 18 0.426314
20 18 0.367708
21 18 0.559499
22 18 0.385454
23 18 0.131846
24 18 0.529161
25 18 0.781745
26 18 0.571991
27 18 0.671628
28 18 0.612036
29 18 0.610569
30 18 0.455901
31 18 0.872164
0 17 0.733369
1 17 0.398175
2 17 0.607531
3 17 0.536662
4 17 0.332664
5 17 0.369393
6 17 0.399045
7 17 0.778123
8 17 0.613965
9 17 0.287497
10 17 0.354098
11 17 0.342542
12 17 0.462957
13 17 0.37432
14 17 0.361284
15 17 0.353579
16 17 0.341345
17 17 0.330252
18 17 0.330758
19 17 0.450091
20 17 0.334498
21 17 0.532537
22 17 0.388737
23 17 0.0963989
24 17 0.646799
25 17 0.742104
26 17 0.587494
27 17 0.676682
28 17 0.658479
29 17 0.571966
30 17 0.502236
31 17 0.87293
0 16 0.724208
1 16 0.594664
2 16 0.66937
3 16 0.354484
4 16 0.345019
5 16 0.465016
6 16 0.371069
7 16 0.814432
8 16 0.730113
9 16 0.289812
10 16 0.335845
11 16 0.316837
12 16 0.499712
13 16 0.386816
14 16 0.358249
15 16 0.361949
16 16 0.361968
17 16 0.330667
18 16 0.298968
19 16 0.482553
20 16 0.373778
21 16 0.428108
22 16 0.377499
23 16 0.117053
24 16 0.64259
25 16 0.712366
26 16 0.617398
27 16 0.650426
28 16 0.666955
29 16 0.671604
30 16 0.667604
31 16 0.850214
0 15 0.752909
1 15 0.829152
2 15 0.64097
3 15 0.288265
4 15 0.45384
5 15 0.420714
6 15 0.346966
7 15 0.774189
8 15 0.852005
9 15 0.555455
10 15 0.349537
11 15 0.269044
12 15 0.580948
13 15 0.478317
14 15 0.371072
15 15 0.360227
16 15 0.365357
17 15 0.359599
18 15 0.261251
19 15 0.537805
20 15 0.586562
21 15 0.3457
22 15 0.287267
23 15 0.14146
24 15 0.708233
25 15 0.709115
26 15 0.644911
27 15 0.656443
28 15 0.653998
29 15 0.660006
30 15 0.57724
31 15 0.693973
0 14 0.823266
1 14 0.813277
2 14 0.516576
3 14 0.375402
4 14 0.502794
5 14 0.357906
6 14 0.337149
7 14 0.722722
8 14 0.75282
9 14 0.761545
10 14 0.445562
11 14 0.203193
12 14 0.614894
13 14 0.592224
14 14 0.430806
15 14 0.370012
16 14 0.380065
17 14 0.365595
18 14 0.184652
19 14 0.625573
20 14 0.760224
21 14 0.332054
22 14 0.166815
23 14 0.319629
24 14 0.905729
25 14 0.696946
26 14 0.64163
27 14 0.645804
28 14 0.634273
29 14 0.653198
30 14 0.62064
31 14 0.663263
0 13 0.862986
1 13 0.69891
2 13 0.549644
3 13 0.533821
4 13 0.472994
5 13 0.302456
6 13 0.311427
7 13 0.749556
8 13 0.685079
9 13 0.784006
10 13 0.479356
11 13 0.0982287
12 13 0.840245
13 13 0.789604
14 13 0.648642
15 13 0.507822
16 13 0.453245
17 13 0.38957
18 13 0.134973
19 13 0.666727
20 13 0.839327
21 13 0.315634
22 13 0.15697
23 13 0.382073
24 13 0.863946
25 13 0.699527
26 13 0.667856
27 13 0.64664
28 13 0.632342
29 13 0.657372
30 13 0.676621
31 13 0.71122
0 12 0.847849
1 12 0.540117
2 12 0.615405
3 12 0.658905
4 12 0.425762
5 12 0.30924
6 12 0.277503
7 12 0.622014
8 12 0.717116
9 12 0.852417
10 12 0.630466
11 12 0
12 12 0.774625
13 12 0.822704
14 12 0.771049
15 12 0.759763
16 12 0.725152
17 12 0.678891
18 12 0.473857
19 12 0.822428
20 12 0.894915
21 12 0.457312
22 12 0.305777
23 12 0.161656
24 12 0.329136
25 12 0.467941
26 12 0.680213
27 12 0.652742
28 12 0.63411
29 12 0.630614
30 12 0.682607
31 12 0.828788
0 11 0.786248
1 11 0.487374
2 11 0.684437
3 11 0.697175
4 11 0.468564
5 11 0.378362
6 11 0.270429
7 11 0.594789
8 11 0.717611
9 11 0.738821
10 11 0.835192
11 11 0.0968129
12 11 0.609841
13 11 0.741232
14 11 0.669322
15 11 0.735183
16 11 0.633962
17 11 0.669929
18 11 0.770851
19 11 0.82992
20 11 0.734686
21 11 0.745943
22 11 0.790162
23 11 0.420429
24 11 0.626904
25 11 0.326357
26 11 0.596022
27 11 0.671142
28 11 0.631823
29 11 0.629491
30 11 0.654118
31 11 0.826488
0 10 0.720206
1 10 0.551498
2 10 0.699816
3 10 0.633891
4 10 0.512251
5 10 0.380545
6 10 0.241594
7 10 0.679863
8 10 0.686632
9 10 0.282339
10 10 0.775385
11 10 0.299925
12 10 0.508596
13 10 0.763132
14 10 0.633092
15 10 0.671839
16 10 0.567998
17 10 0.611098
18 10 0.674432
19 10 0.64224
20 10 0.635156
21 10 0.713661
22 10 0.851854
23 10 0.259566
24 10 0.752354
25 10 0.4854
26 10 0.631612
27 10 0.713882
28 10 0.626441
29 10 0.639239
30 10 0.655771
31 10 0.858156
0 9 0.72929
1 9 0.646389
2 9 0.637381
3 9 0.584085
4 9 0.599995
5 9 0.451279
6 9 0.364589
7 9 0.798767
8 9 0.766726
9 9 0.102623
10 9 0.738026
11 9 0.512298
12 9 0.398697
13 9 0.749268
14 9 0.61876
15 9 0.650744
16 9 0.591851
17 9 0.632126
18 9 0.663121
19 9 0.625438
20 9 0.637545
21 9 0.633208
22 9 0.858996
23 9 0.430651
24 9 0.505148
25 9 0.292311
26 9 0.45185
27 9 0.731742
28 9 0.633833
29 9 0.657465
30 9 0.591862
31 9 0.753327
0 8 0.770268
1 8 0.666333
2 8 0.585917
3 8 0.576265
4 8 0.620997
5 8 0.531358
6 8 0.547516
7 8 0.811394
8 8 0.81321
9 8 0.246622
10 8 0.817786
11 8 0.57072
12 8 0.19638
13 8 0.704001
14 8 0.644669
15 8 0.645481
16 8 0.566338
17 8 0.642126
18 8 0.653849
19 8 0.629816
20 8 0.641461
21 8 0.618308
22 8 0.76554
23 8 0.607315
24 8 0.433037
25 8 0.37864
26 8 0.406296
27 8 0.782826
28 8 0.643518
29 8 0.693446
30 8 0.541576
31 8 0.556852
0 7 0.798111
1 7 0.653141
2 7 0.615551
3 7 0.648196
4 7 0.633908
5 7 0.542066
6 7 0.565297
7 7 0.731905
8 7 0.788905
9 7 0.203856
10 7 0.757759
11 7 0.755189
12 7 0.194236
13 7 0.601216
14 7 0.690267
15 7 0.626142
16 7 0.501036
17 7 0.586452
18 7 0.658521
19 7 0.63884
20 7 0.655239
21 7 0.653258
22 7 0.608435
23 7 0.630265
24 7 0.472235
25 7 0.417004
26 7 0.254257
27 7 0.734944
28 7 0.632333
29 7 0.667687
30 7 0.686788
31 7 0.846744
0 6 0.791538
1 6 0.603376
2 6 0.625424
3 6 0.654357
4 6 0.663157
5 6 0.641018
6 6 0.637588
7 6 0.642518
8 6 0.788812
9 6 0.230133
10 6 0.643329
11 6 0.808834
12 6 0.30152
13 6 0.484366
14 6 0.715698
15 6 0.626594
16 6 0.547923
17 6 0.522489
18 6 0.668341
19 6 0.627258
20 6 0.65165
21 6 0.731292
22 6 0.487823
23 6 0.57522
24 6 0.454932
25 6 0.329134
26 6 0.296705
27 6 0.724942
28 6 0.627933
29 6 0.637528
30 6 0.642005
31 6 0.880663
0 5 0.797363
1 5 0.572657
2 5 0.581475
3 5 0.638678
4 5 0.618035
5 5 0.654936
6 5 0.665742
7 5 0.653475
8 5 0.832893
9 5 0.231018
10 5 0.435603
11 5 0.895036
12 5 0.582119
13 5 0.350819
14 5 0.647042
15 5 0.658806
16 5 0.670118
17 5 0.509881
18 5 0.672289
19 5 0.59119
20 5 0.629572
21 5 0.7755
22 5 0.487838
23 5 0.603713
24 5 0.667517
25 5 0.124818
26 5 0.499618
27 5 0.83512
28 5 0.660255
29 5 0.608446
30 5 0.618607
31 5 0.904559
0 4 0.824962
1 4 0.623141
2 4 0.622292
3 4 0.638408
4 4 0.571829
5 4 0.645284
6 4 0.642439
7 4 0.644762
8 4 0.836736
9 4 0.342971
10 4 0.198718
11 4 0.82183
12 4 0.761547
13 4 0.376359
14 4 0.522212
15 4 0.695797
16 4 0.653503
17 4 0.605513
18 4 0.663988
19 4 0.615876
20 4 0.592496
21 4 0.721419
22 4 0.644462
23 4 0.652939
24 4 0.694045
25 4 0.16257
26 4 0.626158
27 4 0.678997
28 4 0.508826
29 4 0.476559
30 4 0.449934
31 4 0.614398
0 3 0.8261
1 3 0.631445
2 3 0.646016
3 3 0.651573
4 3 0.617077
5 3 0.644308
6 3 0.641159
7 3 0.64489
8 3 0.768038
9 3 0.747182
10 3 0.107697
11 3 0.404302
12 3 0.726749
13 3 0.62524
14 3 0.301168
15 3 0.681785
16 3 0.645892
17 3 0.533976
18 3 0.548903
19 3 0.462684
20 3 0.44479
21 3 0.521644
22 3 0.511401
23 3 0.475907
24 3 0.671915
25 3 0.231349
26 3 0.589704
27 3 0.722717
28 3 0.602295
29 3 0.624018
30 3 0.568262
31 3 0.692054
0 2 0.823839
1 2 0.630651
2 2 0.634984
3 2 0.634575
4 2 0.63005
5 2 0.637977
6 2 0.650328
7 2 0.645796
8 2 0.669376
9 2 0.787794
10 2 0.619516
11 2 0.741118
12 2 0.624161
13 2 0.571891
14 2 0.143994
15 2 0.357783
16 2 0.633616
17 2 0.593162
18 2 0.644732
19 2 0.586136
20 2 0.662899
21 2 0.680999
22 2 0.575222
23 2 0.524592
24 2 0.651397
25 2 0.545393
26 2 0.652883
27 2 0.756151
28 2 0.677615
29 2 0.715867
30 2 0.716057
31 2 0.95101
0 1 0.815101
1 1 0.623947
2 1 0.631573
3 1 0.630792
4 1 0.640321
5 1 0.589102
6 1 0.582506
7 1 0.579353
8 1 0.504626
9 1 0.524002
10 1 0.643349
11 1 0.643875
12 1 0.57403
13 1 0.778056
14 1 0.521073
15 1 0.2135
16 1 0.548293
17 1 0.54568
18 1 0.655394
19 1 0.554784
20 1 0.592451
21 1 0.591814
22 1 0.520755
23 1 0.556044
24 1 0.749677
25 1 0.767657
26 1 0.478623
27 1 0.615412
28 1 0.649425
29 1 0.651477
30 1 0.642409
31 1 0.884038
0 0 0.813641
1 0 0.700829
2 0 0.710487
3 0 0.713092
4 0 0.72255
5 0 0.706726
6 0 0.692511
7 0 0.644772
8 0 0.561162
9 0 0.541744
10 0 0.567961
11 0 0.542926
12 0 0.567136
13 0 0.7368
14 0 0.795037
15 0 0.499965
16 0 0.65503
17 0 0.630983
18 0 0.627272
19 0 0.62159
20 0 0.664811
21 0 0.662835
22 0 0.601677
23 0 0.620411
24 0 0.690916
25 0 0.684744
26 0 0.632385
27 0 0.765089
28 0 0.73221
29 0 0.70163
30 0 0.706848
31 0 0.955858
