x y v
0 31 0.710627
1 31 0.658294
2 31 0.734814
3 31 0.593946
4 31 0.681242
5 31 0.773703
6 31 0.735375
7 31 0.755656
8 31 0.76038
9 31 0.774191
10 31 0.793684
11 31 0.770731
12 31 0.654947
13 31 0.760737
14 31 0.744941
15 31 0.760666
16 31 0.778006
17 31 0.755412
18 31 0.701443
19 31 0.663011
20 31 0.696238
21 31 0.714226
22 31 0.716008
23 31 0.739539
24 31 0.754885
25 31 0.769679
26 31 0.768279
27 31 0.765997
28 31 0.782098
29 31 0.782108
30 31 0.770405
31 31 0.399755
0 30 0.631397
1 30 0.499644
2 30 0.463846
3 30 0.407749
4 30 0.42939
5 30 0.403003
6 30 0.378603
7 30 0.483778
8 30 0.555736
9 30 0.495056
10 30 0.505565
11 30 0.49101
12 30 0.439277
13 30 0.46957
14 30 0.488013
15 30 0.469141
16 30 0.52528
17 30 0.522408
18 30 0.506289
19 30 0.555342
20 30 0.515546
21 30 0.432179
22 30 0.432048
23 30 0.459551
24 30 0.473719
25 30 0.404028
26 30 0.444381
27 30 0.519914
28 30 0.508366
29 30 0.486579
30 30 0.480124
31 30 0.283829
0 29 0.47721
1 29 0.51946
2 29 0.555345
3 29 0.571759
4 29 0.526219
5 29 0.423666
6 29 0.40346
7 29 0.424529
8 29 0.502612
9 29 0.518992
10 29 0.506843
11 29 0.456694
12 29 0.538371
13 29 0.528273
14 29 0.427367
15 29 0.44096
16 29 0.487045
17 29 0.496911
18 29 0.458261
19 29 0.555498
20 29 0.4801
21 29 0.455756
22 29 0.473838
23 29 0.329444
24 29 0.222261
25 29 0.160009
26 29 0.348647
27 29 0.451617
28 29 0.455808
29 29 0.478252
30 29 0.485316
31 29 0.277583
0 28 0.513761
1 28 0.514518
2 28 0.552165
3 28 0.614933
4 28 0.634873
5 28 0.601578
6 28 0.658889
7 28 0.646635
8 28 0.541722
9 28 0.516704
10 28 0.494674
11 28 0.459269
12 28 0.495539
13 28 0.548863
14 28 0.351373
15 28 0.430483
16 28 0.549964
17 28 0.476422
18 28 0.493947
19 28 0.481624
20 28 0.506069
21 28 0.461526
22 28 0.339642
23 28 0.230666
24 28 0.149514
25 28 0.141837
26 28 0.356428
27 28 0.270752
28 28 0.331031
29 28 0.584503
30 28 0.475469
31 28 0.277484
0 27 0.521067
1 27 0.585168
2 27 0.553826
3 27 0.524953
4 27 0.565592
5 27 0.591856
6 27 0.614091
7 27 0.572318
8 27 0.510485
9 27 0.540721
10 27 0.506513
11 27 0.503199
12 27 0.497671
13 27 0.507677
14 27 0.422756
15 27 0.400411
16 27 0.62743
17 27 0.526514
18 27 0.496944
19 27 0.476656
20 27 0.40919
21 27 0.300498
22 27 0.319518
23 27 0.242129
24 27 0.452963
25 27 0.772726
26 27 0.547631
27 27 0.136309
28 27 0.22531
29 27 0.557174
30 27 0.560579
31 27 0.257272
0 26 0.489025
1 26 0.461914
2 26 0.551861
3 26 0.506267
4 26 0.503129
5 26 0.45564
6 26 0.443162
7 26 0.36092
8 26 0.434129
9 26 0.528692
10 26 0.485929
11 26 0.514828
12 26 0.525542
13 26 0.499148
14 26 0.511462
15 26 0.46887
16 26 0.554985
17 26 0.562683
18 26 0.497518
19 26 0.452052
20 26 0.250205
21 26 0.192886
22 26 0.303586
23 26 0.317868
24 26 0.682927
25 26 0.882555
26 26 0.691463
27 26 0.303492
28 26 0.246934
29 26 0.524203
30 26 0.575429
31 26 0.260813
0 25 0.560986
1 25 0.546695
2 25 0.507254
3 25 0.50565
4 25 0.501538
5 25 0.484018
6 25 0.46706
7 25 0.324325
8 25 0.392609
9 25 0.561899
10 25 0.434126
11 25 0.504697
12 25 0.517051
13 25 0.477747
14 25 0.489014
15 25 0.556843
16 25 0.529429
17 25 0.519312
18 25 0.458477
19 25 0.299873
20 25 0.186981
21 25 0.285718
22 25 0.4033
23 25 0.353625
24 25 0.620973
25 25 0.707709
26 25 0.512759
27 25 0.505069
28 25 0.388161
29 25 0.565917
30 25 0.667381
31 25 0.282762
0 24 0.493427
1 24 0.575877
2 24 0.514363
3 24 0.488708
4 24 0.492346
5 24 0.509866
6 24 0.467433
7 24 0.52844
8 24 0.533714
9 24 0.582679
10 24 0.409238
11 24 0.444254
12 24 0.529051
13 24 0.439351
14 24 0.460281
15 24 0.524613
16 24 0.576582
17 24 0.441513
18 24 0.249739
19 24 0.216405
20 24 0.290651
21 24 0.363667
22 24 0.418018
23 24 0.418848
24 24 0.764942
25 24 0.643851
26 24 0.497132
27 24 0.363918
28 24 0.450184
29 24 0.591403
30 24 0.71545
31 24 0.298058
0 23 0.518685
1 23 0.524159
2 23 0.473182
3 23 0.482832
4 23 0.481447
5 23 0.504659
6 23 0.42117
7 23 0.530864
8 23 0.546663
9 23 0.269813
10 23 0.161967
11 23 0.150993
12 23 0.321415
13 23 0.490295
14 23 0.489058
15 23 0.454667
16 23 0.530611
17 23 0.315329
18 23 0.121995
19 23 0.213803
20 23 0.358078
21 23 0.426581
22 23 0.374962
23 23 0.535635
24 23 0.927716
25 23 0.619525
26 23 0.468539
27 23 0.304921
28 23 0.347462
29 23 0.723016
30 23 0.739674
31 23 0.310995
0 22 0.497179
1 22 0.468168
2 22 0.428881
3 22 0.507003
4 22 0.467543
5 22 0.468607
6 22 0.415922
7 22 0.379565
8 22 0.227948
9 22 0.0601842
10 22 0
11 22 0.0122961
12 22 0.0197446
13 22 0.168753
14 22 0.359433
15 22 0.29449
16 22 0.255236
17 22 0.187245
18 22 0.229642
19 22 0.276199
20 22 0.383374
21 22 0.468136
22 22 0.408127
23 22 0.59929
24 22 0.899402
25 22 0.567752
26 22 0.547913
27 22 0.584946
28 22 0.582251
29 22 0.738189
30 22 0.751034
31 22 0.312824
0 21 0.457757
1 21 0.416541
2 21 0.413216
3 21 0.503558
4 21 0.414871
5 21 0.312849
6 21 0.368182
7 21 0.337532
8 21 0.0815749
9 21 0.203066
10 21 0.297851
11 21 0.368776
12 21 0.297643
13 21 0.117278
14 21 0.0563725
15 21 0.0902619
16 21 0.129829
17 21 0.217796
18 21 0.358723
19 21 0.432424
20 21 0.405909
21 21 0.471213
22 21 0.45589
23 21 0.613964
24 21 0.821785
25 21 0.515944
26 21 0.543135
27 21 0.691634
28 21 0.81131
29 21 0.749034
30 21 0.689609
31 21 0.324486
0 20 0.359715
1 20 0.384875
2 20 0.447631
3 20 0.402152
4 20 0.239248
5 20 0.287071
6 20 0.452924
7 20 0.357887
8 20 0.234504
9 20 0.380562
10 20 0.464869
11 20 0.496159
12 20 0.536539
13 20 0.494575
14 20 0.368789
15 20 0.288985
16 20 0.31985
17 20 0.410282
18 20 0.454832
19 20 0.469064
20 20 0.532553
21 20 0.457093
22 20 0.482328
23 20 0.695472
24 20 0.780847
25 20 0.49983
26 20 0.541275
27 20 0.629011
28 20 0.794003
29 20 0.736506
30 20 0.625169
31 20 0.291864
0 19 0.269161
1 19 0.375572
2 19 0.411451
3 19 0.245515
4 19 0.213136
5 19 0.412328
6 19 0.629574
7 19 0.462791
8 19 0.292075
9 19 0.417186
10 19 0.513737
11 19 0.567485
12 19 0.548141
13 19 0.543119
14 19 0.523054
15 19 0.518146
16 19 0.528866
17 19 0.506519
18 19 0.504709
19 19 0.489884
20 19 0.608286
21 19 0.475775
22 19 0.516438
23 19 0.87076
24 19 0.749978
25 19 0.538211
26 19 0.570381
27 19 0.495666
28 19 0.505007
29 19 0.487736
30 19 0.586501
31 19 0.27139
0 18 0.346971
1 18 0.481629
2 18 0.328126
3 18 0.249562
4 18 0.379026
5 18 0.51422
6 18 0.651653
7 18 0.379024
8 18 0.336547
9 18 0.504649
10 18 0.533149
11 18 0.615174
12 18 0.526346
13 18 0.530755
14 18 0.51691
15 18 0.508352
16 18 0.503671
17 18 0.508313
18 18 0.554582
19 18 0.510008
20 18 0.612783
21 18 0.50158
22 18 0.534548
23 18 0.940266
24 18 0.736465
25 18 0.548095
26 18 0.589494
27 18 0.515005
28 18 0.403881
29 18 0.428919
30 18 0.50287
31 18 0.294439
0 17 0.524147
1 17 0.515233
2 17 0.307573
3 17 0.385484
4 17 0.513691
5 17 0.531777
6 17 0.671037
7 17 0.435785
8 17 0.305446
9 17 0.531433
10 17 0.546744
11 17 0.625863
12 17 0.526057
13 17 0.51366
14 17 0.521489
15 17 0.51553
16 17 0.497419
17 17 0.508449
18 17 0.595839
19 17 0.514668
20 17 0.512345
21 17 0.505461
22 17 0.554259
23 17 0.867775
24 17 0.689702
25 17 0.547119
26 17 0.554497
27 17 0.548851
28 17 0.535218
29 17 0.53364
30 17 0.509614
31 17 0.312119
0 16 0.663112
1 16 0.432393
2 16 0.309219
3 16 0.517319
4 16 0.521603
5 16 0.571914
6 16 0.698294
7 16 0.594839
8 16 0.448511
9 16 0.452881
10 16 0.562863
11 16 0.688196
12 16 0.558253
13 16 0.524351
14 16 0.537725
15 16 0.535924
16 16 0.529454
17 16 0.521191
18 16 0.682796
19 16 0.612777
20 16 0.406803
21 16 0.478716
22 16 0.603478
23 16 0.865984
24 16 0.632334
25 16 0.561081
26 16 0.542871
27 16 0.529555
28 16 0.552175
29 16 0.510759
30 16 0.45649
31 16 0.326
0 15 0.59007
1 15 0.389542
2 15 0.418311
3 15 0.545605
4 15 0.488534
5 15 0.560108
6 15 0.702092
7 15 0.602281
8 15 0.650918
9 15 0.473428
10 15 0.504776
11 15 0.783478
12 15 0.657704
13 15 0.548895
14 15 0.557389
15 15 0.56407
16 15 0.551374
17 15 0.546974
18 15 0.802836
19 15 0.696937
20 15 0.396613
21 15 0.446235
22 15 0.765701
23 15 0.918786
24 15 0.58909
25 15 0.55233
26 15 0.526576
27 15 0.497575
28 15 0.481648
29 15 0.436808
30 15 0.386178
31 15 0.357409
0 14 0.445839
1 14 0.405348
2 14 0.513706
3 14 0.505757
4 14 0.455039
5 14 0.561019
6 14 0.704658
7 14 0.520836
8 14 0.612272
9 14 0.503512
10 14 0.495914
11 14 0.946946
12 14 0.738727
13 14 0.696439
14 14 0.620699
15 14 0.624141
16 14 0.587366
17 14 0.580776
18 14 0.879043
19 14 0.707969
20 14 0.391673
21 14 0.519848
22 14 0.800877
23 14 0.886755
24 14 0.555512
25 14 0.504131
26 14 0.504959
27 14 0.49252
28 14 0.498176
29 14 0.502252
30 14 0.462329
31 14 0.361258
0 13 0.369909
1 13 0.517974
2 13 0.559923
3 13 0.435016
4 13 0.458179
5 13 0.531614
6 13 0.675113
7 13 0.599066
8 13 0.54677
9 13 0.485814
10 13 0.453622
11 13 1
12 13 0.847202
13 13 0.789002
14 13 0.82211
15 13 0.779681
16 13 0.771725
17 13 0.77781
18 13 0.904968
19 13 0.706107
20 13 0.467067
21 13 0.552157
22 13 0.538216
23 13 0.541455
24 13 0.502244
25 13 0.505363
26 13 0.482681
27 13 0.501362
28 13 0.504707
29 13 0.544325
30 13 0.539328
31 13 0.338075
0 12 0.386001
1 12 0.569576
2 12 0.553044
3 12 0.445677
4 12 0.478434
5 12 0.528388
6 12 0.65872
7 12 0.601165
8 12 0.544945
9 12 0.573537
10 12 0.391673
11 12 0.787746
12 12 0.737595
13 12 0.694327
14 12 0.804738
15 12 0.800252
16 12 0.899774
17 12 0.983134
18 12 0.830125
19 12 0.66673
20 12 0.730639
21 12 0.727307
22 12 0.490873
23 12 0.478215
24 12 0.287526
25 12 0.594095
26 12 0.510491
27 12 0.482666
28 12 0.504598
29 12 0.514737
30 12 0.536147
31 12 0.324412
0 11 0.479356
1 11 0.558564
2 11 0.493757
3 11 0.480344
4 11 0.488791
5 11 0.551285
6 11 0.724316
7 11 0.477802
8 11 0.274251
9 11 0.635541
10 11 0.464021
11 11 0.61896
12 11 0.642171
13 11 0.509791
14 11 0.580433
15 11 0.582412
16 11 0.687487
17 11 0.772006
18 11 0.661741
19 11 0.55998
20 11 0.721486
21 11 0.853368
22 11 0.563527
23 11 0.812085
24 11 0.424171
25 11 0.504384
26 11 0.5772
27 11 0.485148
28 11 0.506952
29 11 0.497582
30 11 0.487236
31 11 0.29318
0 10 0.536857
1 10 0.504611
2 10 0.463739
3 10 0.518039
4 10 0.527161
5 10 0.632245
6 10 0.768636
7 10 0.452144
8 10 0.104888
9 10 0.585925
10 10 0.552322
11 10 0.534467
12 10 0.642434
13 10 0.470647
14 10 0.489425
15 10 0.497732
16 10 0.551269
17 10 0.533064
18 10 0.483727
19 10 0.514089
20 10 0.546884
21 10 0.6391
22 10 0.454387
23 10 0.52458
24 10 0.527956
25 10 0.533011
26 10 0.574949
27 10 0.475495
28 10 0.492839
29 10 0.440437
30 10 0.446816
31 10 0.312521
0 9 0.532809
1 9 0.468298
2 9 0.486049
3 9 0.574789
4 9 0.631772
5 9 0.744036
6 9 0.759154
7 9 0.535686
8 9 0.304004
9 9 0.632888
10 9 0.497315
11 9 0.427058
12 9 0.639872
13 9 0.480113
14 9 0.481662
15 9 0.472859
16 9 0.537029
17 9 0.499865
18 9 0.483129
19 9 0.486473
20 9 0.485443
21 9 0.517134
22 9 0.492373
23 9 0.35202
24 9 0.389575
25 9 0.489177
26 9 0.63806
27 9 0.471222
28 9 0.478733
29 9 0.354712
30 9 0.344125
31 9 0.352782
0 8 0.508412
1 8 0.501858
2 8 0.542069
3 8 0.571473
4 8 0.628689
5 8 0.71998
6 8 0.677688
7 8 0.517443
8 8 0.383958
9 8 0.721203
10 8 0.501314
11 8 0.300456
12 8 0.611716
13 8 0.543697
14 8 0.442218
15 8 0.426134
16 8 0.503399
17 8 0.515594
18 8 0.483916
19 8 0.494393
20 8 0.474318
21 8 0.405324
22 8 0.469384
23 8 0.421579
24 8 0.446161
25 8 0.469061
26 8 0.672723
27 8 0.475714
28 8 0.489468
29 8 0.496041
30 8 0.468815
31 8 0.323617
0 7 0.488503
1 7 0.541239
2 7 0.575453
3 7 0.590472
4 7 0.600351
5 7 0.613774
6 7 0.548847
7 7 0.505437
8 7 0.315417
9 7 0.629575
10 7 0.599134
11 7 0.391506
12 7 0.525863
13 7 0.578971
14 7 0.4493
15 7 0.43441
16 7 0.456789
17 7 0.547161
18 7 0.488578
19 7 0.507095
20 7 0.492891
21 7 0.310871
22 7 0.415967
23 7 0.408574
24 7 0.415982
25 7 0.4985
26 7 0.645837
27 7 0.4997
28 7 0.503761
29 7 0.563953
30 7 0.645933
31 7 0.344353
0 6 0.454879
1 6 0.512788
2 6 0.556161
3 6 0.550403
4 6 0.612823
5 6 0.588674
6 6 0.519998
7 6 0.493221
8 6 0.299747
9 6 0.54244
10 6 0.667645
11 6 0.486562
12 6 0.441982
13 6 0.594482
14 6 0.509817
15 6 0.516167
16 6 0.451191
17 6 0.550291
18 6 0.46693
19 6 0.502842
20 6 0.511432
21 6 0.344942
22 6 0.445631
23 6 0.45643
24 6 0.296275
25 6 0.769474
26 6 0.680493
27 6 0.4877
28 6 0.478704
29 6 0.490069
30 6 0.525025
31 6 0.295568
0 5 0.480343
1 5 0.504785
2 5 0.515554
3 5 0.498785
4 5 0.554323
5 5 0.540421
6 5 0.532336
7 5 0.509134
8 5 0.305572
9 5 0.402868
10 5 0.71125
11 5 0.578403
12 5 0.413285
13 5 0.506087
14 5 0.580056
15 5 0.52281
16 5 0.530724
17 5 0.493503
18 5 0.477717
19 5 0.453253
20 5 0.517133
21 5 0.482717
22 5 0.491576
23 5 0.531152
24 5 0.391838
25 5 0.759144
26 5 0.648022
27 5 0.413895
28 5 0.370243
29 5 0.368196
30 5 0.386238
31 5 0.334505
0 4 0.517949
1 4 0.542478
2 4 0.518283
3 4 0.502589
4 4 0.515397
5 4 0.51502
6 4 0.511111
7 4 0.520435
8 4 0.506316
9 4 0.232803
10 4 0.550328
11 4 0.627818
12 4 0.470365
13 4 0.333874
14 4 0.607306
15 4 0.452012
16 4 0.45557
17 4 0.456807
18 4 0.368853
19 4 0.400597
20 4 0.402474
21 4 0.446876
22 4 0.458662
23 4 0.512948
24 4 0.45089
25 4 0.739257
26 4 0.565701
27 4 0.391936
28 4 0.429518
29 4 0.386115
30 4 0.390521
31 4 0.331272
0 3 0.499575
1 3 0.525956
2 3 0.523653
3 3 0.525628
4 3 0.514421
5 3 0.503851
6 3 0.502764
7 3 0.508172
8 3 0.63797
9 3 0.610682
10 3 0.472321
11 3 0.433984
12 3 0.507305
13 3 0.245376
14 3 0.39339
15 3 0.532885
16 3 0.398908
17 3 0.455831
18 3 0.424198
19 3 0.468358
20 3 0.431379
21 3 0.380973
22 3 0.444011
23 3 0.556646
24 3 0.648383
25 3 0.664514
26 3 0.663228
27 3 0.580689
28 3 0.615782
29 3 0.628715
30 3 0.630257
31 3 0.335537
0 2 0.48455
1 2 0.503625
2 2 0.499439
3 2 0.500866
4 2 0.463549
5 2 0.460371
6 2 0.436336
7 2 0.398332
8 2 0.496689
9 2 0.746558
10 2 0.670389
11 2 0.444392
12 2 0.464353
13 2 0.373396
14 2 0.265833
15 2 0.543671
16 2 0.509218
17 2 0.547428
18 2 0.51155
19 2 0.578302
20 2 0.533121
21 2 0.481211
22 2 0.563512
23 2 0.67788
24 2 0.709367
25 2 0.579345
26 2 0.621913
27 2 0.576831
28 2 0.586431
29 2 0.618513
30 2 0.632466
31 2 0.319714
0 1 0.483423
1 1 0.501586
2 1 0.497952
3 1 0.489817
4 1 0.463143
5 1 0.423729
6 1 0.390061
7 1 0.353842
8 1 0.363077
9 1 0.444834
10 1 0.488246
11 1 0.510122
12 1 0.610814
13 1 0.668687
14 1 0.482743
15 1 0.531632
16 1 0.526282
17 1 0.497502
18 1 0.5125
19 1 0.491469
20 1 0.489787
21 1 0.5009
22 1 0.58491
23 1 0.626721
24 1 0.602248
25 1 0.542255
26 1 0.520684
27 1 0.523021
28 1 0.506382
29 1 0.498607
30 1 0.492812
31 1 0.268473
0 0 0.316251
1 0 0.265533
2 0 0.262311
3 0 0.263784
4 0 0.279339
5 0 0.291838
6 0 0.296191
7 0 0.31897
8 0 0.332558
9 0 0.310204
10 0 0.321181
11 0 0.368182
12 0 0.378494
13 0 0.455747
14 0 0.566371
15 0 0.479724
16 0 0.3885
17 0 0.349362
18 0 0.34902
19 0 0.368452
20 0 0.362057
21 0 0.381656
22 0 0.378888
23 0 0.323587
24 0 0.290237
25 0 0.354962
26 0 0.35018
27 0 0.270735
28 0 0.249343
29 0 0.252746
30 0 0.256036
31 0 0.373607
