x y v
0 31 0.522527
1 31 0.725049
2 31 0.728777
3 31 0.838468
4 31 0.816751
5 31 0.73964
6 31 0.768995
7 31 0.755404
8 31 0.742975
9 31 0.75849
10 31 0.789536
11 31 0.831379
12 31 0.888405
13 31 0.84472
14 31 0.805633
15 31 0.803806
16 31 0.802885
17 31 0.803484
18 31 0.791736
19 31 0.752863
20 31 0.685412
21 31 0.708586
22 31 0.796209
23 31 0.809683
24 31 0.780976
25 31 0.778506
26 31 0.798838
27 31 0.809453
28 31 0.800766
29 31 0.806995
30 31 0.831362
31 31 0.945121
0 30 0.577482
1 30 0.752441
2 30 0.710676
3 30 0.693542
4 30 0.63941
5 30 0.636066
6 30 0.767564
7 30 0.819833
8 30 0.757923
9 30 0.743837
10 30 0.745942
11 30 0.761536
12 30 0.779187
13 30 0.713794
14 30 0.668695
15 30 0.724472
16 30 0.743864
17 30 0.761664
18 30 0.795406
19 30 0.766316
20 30 0.700429
21 30 0.683516
22 30 0.671495
23 30 0.660543
24 30 0.691399
25 30 0.771932
26 30 0.804182
27 30 0.759409
28 30 0.732019
29 30 0.751282
30 30 0.773508
31 30 0.900382
0 29 0.543394
1 29 0.703672
2 29 0.740109
3 29 0.697323
4 29 0.649262
5 29 0.624429
6 29 0.581789
7 29 0.49419
8 29 0.499532
9 29 0.638282
10 29 0.741116
11 29 0.784491
12 29 0.789508
13 29 0.735316
14 29 0.745756
15 29 0.758651
16 29 0.724122
17 29 0.723198
18 29 0.773304
19 29 0.733222
20 29 0.710455
21 29 0.727886
22 29 0.688626
23 29 0.716415
24 29 0.81633
25 29 0.878646
26 29 0.765221
27 29 0.632553
28 29 0.675875
29 29 0.753076
30 29 0.759689
31 29 0.885153
0 28 0.423838
1 28 0.560441
2 28 0.644522
3 28 0.699018
4 28 0.716424
5 28 0.689299
6 28 0.609766
7 28 0.57652
8 28 0.630343
9 28 0.67514
10 28 0.707301
11 28 0.756902
12 28 0.762347
13 28 0.730581
14 28 0.803721
15 28 0.763958
16 28 0.621208
17 28 0.644407
18 28 0.72922
19 28 0.755395
20 28 0.753564
21 28 0.737985
22 28 0.728116
23 28 0.777416
24 28 0.73047
25 28 0.5573
26 28 0.350243
27 28 0.428988
28 28 0.661877
29 28 0.649683
30 28 0.654908
31 28 0.86891
0 27 0.538327
1 27 0.725125
2 27 0.734051
3 27 0.746881
4 27 0.768859
5 27 0.797527
6 27 0.796188
7 27 0.787874
8 27 0.784277
9 27 0.739761
10 27 0.7309
11 27 0.761979
12 27 0.749433
13 27 0.732805
14 27 0.775182
15 27 0.738782
16 27 0.572004
17 27 0.622828
18 27 0.744504
19 27 0.741637
20 27 0.75619
21 27 0.826462
22 27 0.831917
23 27 0.720939
24 27 0.471941
25 27 0.183943
26 27 0.144874
27 27 0.429915
28 27 0.536266
29 27 0.378152
30 27 0.5116
31 27 0.896684
0 26 0.525293
1 26 0.688716
2 26 0.670774
3 26 0.739621
4 26 0.772433
5 26 0.787229
6 26 0.787112
7 26 0.81682
8 26 0.810081
9 26 0.724496
10 26 0.723638
11 26 0.76897
12 26 0.76398
13 26 0.755944
14 26 0.772557
15 26 0.737676
16 26 0.599718
17 26 0.602174
18 26 0.738264
19 26 0.798883
20 26 0.886447
21 26 0.878501
22 26 0.662163
23 26 0.521916
24 26 0.398093
25 26 0.320985
26 26 0.547939
27 26 0.786919
28 26 0.565333
29 26 0.215045
30 26 0.306937
31 26 0.754725
0 25 0.556638
1 25 0.695258
2 25 0.694379
3 25 0.731902
4 25 0.774177
5 25 0.783011
6 25 0.757564
7 25 0.751016
8 25 0.681667
9 25 0.549864
10 25 0.65183
11 25 0.756407
12 25 0.756648
13 25 0.779751
14 25 0.805125
15 25 0.761181
16 25 0.642996
17 25 0.62234
18 25 0.745708
19 25 0.888361
20 25 0.919174
21 25 0.736842
22 25 0.482427
23 25 0.463498
24 25 0.340795
25 25 0.225736
26 25 0.472995
27 25 0.656521
28 25 0.578145
29 25 0.278528
30 25 0.187104
31 25 0.647151
0 24 0.496874
1 24 0.662082
2 24 0.734201
3 24 0.777613
4 24 0.777542
5 24 0.775484
6 24 0.792045
7 24 0.766673
8 24 0.648604
9 24 0.529857
10 24 0.669221
11 24 0.773005
12 24 0.720846
13 24 0.765074
14 24 0.787798
15 24 0.740358
16 24 0.661155
17 24 0.691068
18 24 0.843906
19 24 0.921993
20 24 0.803513
21 24 0.590605
22 24 0.454471
23 24 0.420331
24 24 0.171784
25 24 0.152164
26 24 0.534674
27 24 0.867563
28 24 0.814689
29 24 0.419186
30 24 0.165708
31 24 0.600873
0 23 0.523109
1 23 0.707119
2 23 0.740323
3 23 0.770179
4 23 0.769382
5 23 0.771997
6 23 0.805444
7 23 0.777845
8 23 0.727633
9 23 0.845254
10 23 1
11 23 0.9884
12 23 0.847181
13 23 0.759709
14 23 0.732377
15 23 0.724504
16 23 0.703977
17 23 0.781108
18 23 0.899381
19 23 0.787152
20 23 0.582957
21 23 0.478989
22 23 0.429103
23 23 0.319144
24 23 0.0735214
25 23 0.222134
26 23 0.587326
27 23 0.694041
28 23 0.584093
29 23 0.22836
30 23 0.116941
31 23 0.594088
0 22 0.5467
1 22 0.749926
2 22 0.775292
3 22 0.756368
4 22 0.748248
5 22 0.770189
6 22 0.809464
7 22 0.81528
8 22 0.858865
9 22 0.888603
10 22 0.738955
11 22 0.488344
12 22 0.400509
13 22 0.498657
14 22 0.692953
15 22 0.871537
16 22 0.884309
17 22 0.868088
18 22 0.792868
19 22 0.591093
20 22 0.455509
21 22 0.399506
22 22 0.377539
23 22 0.272077
24 22 0.0580631
25 22 0.322302
26 22 0.651181
27 22 0.693315
28 22 0.615215
29 22 0.327146
30 22 0.202133
31 22 0.647748
0 21 0.576127
1 21 0.775433
2 21 0.750505
3 21 0.686257
4 21 0.740826
5 21 0.864642
6 21 0.870944
7 21 0.794832
8 21 0.774219
9 21 0.638272
10 21 0.428666
11 21 0.309432
12 21 0.224247
13 21 0.172608
14 21 0.222528
15 21 0.392954
16 21 0.515131
17 21 0.513169
18 21 0.462138
19 21 0.425193
20 21 0.399782
21 21 0.327032
22 21 0.32789
23 21 0.240628
24 21 0.0575764
25 21 0.348533
26 21 0.64235
27 21 0.64585
28 21 0.580973
29 21 0.445359
30 21 0.388888
31 21 0.715503
0 20 0.614796
1 20 0.778701
2 20 0.707173
3 20 0.691961
4 20 0.832766
5 20 0.838385
6 20 0.614159
7 20 0.548044
8 20 0.681918
9 20 0.587384
10 20 0.372356
11 20 0.279152
12 20 0.218166
13 20 0.206825
14 20 0.208019
15 20 0.204072
16 20 0.184733
17 20 0.202837
18 20 0.284105
19 20 0.374659
20 20 0.356851
21 20 0.323248
22 20 0.312021
23 20 0.171852
24 20 0.0351314
25 20 0.352623
26 20 0.627678
27 20 0.662005
28 20 0.705612
29 20 0.743188
30 20 0.7004
31 20 0.841031
0 19 0.614563
1 19 0.699307
2 19 0.610065
3 19 0.690699
4 19 0.761703
5 19 0.59106
6 19 0.413775
7 19 0.578421
8 19 0.768008
9 19 0.561176
10 19 0.310497
11 19 0.22317
12 19 0.219229
13 19 0.235643
14 19 0.24648
15 19 0.25186
16 19 0.244479
17 19 0.255926
18 19 0.283556
19 19 0.316316
20 19 0.28722
21 19 0.320339
22 19 0.329362
23 19 0.0923985
24 19 0.0522794
25 19 0.407278
26 19 0.604163
27 19 0.645204
28 19 0.731151
29 19 0.816717
30 19 0.778797
31 19 0.893822
0 18 0.585938
1 18 0.580397
2 18 0.527657
3 18 0.632935
4 18 0.57577
5 18 0.415012
6 18 0.371616
7 18 0.609821
8 18 0.773381
9 18 0.554414
10 18 0.314321
11 18 0.218087
12 18 0.243964
13 18 0.274297
14 18 0.264283
15 18 0.254282
16 18 0.248039
17 18 0.248572
18 18 0.250351
19 18 0.30143
20 18 0.309415
21 18 0.370952
22 18 0.367565
23 18 0.0948757
24 18 0.159389
25 18 0.535205
26 18 0.646656
27 18 0.686303
28 18 0.742318
29 18 0.721725
30 18 0.64914
31 18 0.812616
0 17 0.510953
1 17 0.570582
2 17 0.630787
3 17 0.62186
4 17 0.432271
5 17 0.36128
6 17 0.345286
7 17 0.53622
8 17 0.737241
9 17 0.540013
10 17 0.333317
11 17 0.240545
12 17 0.264378
13 17 0.299025
14 17 0.259354
15 17 0.242748
16 17 0.238051
17 17 0.229973
18 17 0.202854
19 17 0.269314
20 17 0.323986
21 17 0.373532
22 17 0.359122
23 17 0.118875
24 17 0.228755
25 17 0.583884
26 17 0.680584
27 17 0.702889
28 17 0.712714
29 17 0.682941
30 17 0.65492
31 17 0.83015
0 16 0.470633
1 16 0.670346
2 16 0.735761
3 16 0.533289
4 16 0.378989
5 16 0.392149
6 16 0.339861
7 16 0.492518
8 16 0.698214
9 16 0.573983
10 16 0.357681
11 16 0.216131
12 16 0.250789
13 16 0.320194
14 16 0.283022
15 16 0.24909
16 16 0.236447
17 16 0.222121
18 16 0.151357
19 16 0.202588
20 16 0.353136
21 16 0.391645
22 16 0.308909
23 16 0.0844592
24 16 0.241321
25 16 0.597889
26 16 0.708452
27 16 0.731431
28 16 0.769471
29 16 0.811617
30 16 0.81722
31 16 0.871651
0 15 0.529805
1 15 0.839808
2 15 0.797067
3 15 0.505092
4 15 0.414541
5 15 0.408966
6 15 0.316737
7 15 0.510087
8 15 0.731581
9 15 0.716056
10 15 0.507906
11 15 0.217602
12 15 0.242144
13 15 0.375015
14 15 0.336724
15 15 0.267221
16 15 0.244294
17 15 0.234895
18 15 0.11316
19 15 0.188646
20 15 0.460484
21 15 0.450738
22 15 0.175222
23 15 0
24 15 0.313607
25 15 0.676178
26 15 0.749407
27 15 0.770202
28 15 0.780902
29 15 0.786519
30 15 0.769516
31 15 0.786352
0 14 0.575371
1 14 0.847581
2 14 0.724448
3 14 0.540515
4 14 0.500994
5 14 0.400538
6 14 0.277299
7 14 0.483659
8 14 0.726159
9 14 0.809215
10 14 0.662567
11 14 0.195982
12 14 0.184729
13 14 0.406718
14 14 0.40355
15 14 0.308435
16 14 0.263692
17 14 0.242208
18 14 0.0867893
19 14 0.217192
20 14 0.594456
21 14 0.510956
22 14 0.171303
23 14 0.11023
24 14 0.5053
25 14 0.75923
26 14 0.755956
27 14 0.769418
28 14 0.769802
29 14 0.765671
30 14 0.756482
31 14 0.781434
0 13 0.611597
1 13 0.798817
2 13 0.686085
3 13 0.643732
4 13 0.561844
5 13 0.389987
6 13 0.280607
7 13 0.448749
8 13 0.667247
9 13 0.789653
10 13 0.742519
11 13 0.299787
12 13 0.307186
13 13 0.592985
14 13 0.54443
15 13 0.412187
16 13 0.289882
17 13 0.20593
18 13 0.07849
19 13 0.277067
20 13 0.655688
21 13 0.562086
22 13 0.32665
23 13 0.354924
24 13 0.597902
25 13 0.733034
26 13 0.754345
27 13 0.774126
28 13 0.776551
29 13 0.766027
30 13 0.758472
31 13 0.823278
0 12 0.593059
1 12 0.705763
2 12 0.663691
3 12 0.716122
4 12 0.593318
5 12 0.387769
6 12 0.252277
7 12 0.389793
8 12 0.675889
9 12 0.829726
10 12 0.812261
11 12 0.408018
12 12 0.377407
13 12 0.708904
14 12 0.781018
15 12 0.743477
16 12 0.64015
17 12 0.491506
18 12 0.43006
19 12 0.585553
20 12 0.693936
21 12 0.521197
22 12 0.342662
23 12 0.200094
24 12 0.316346
25 12 0.492709
26 12 0.657871
27 12 0.766311
28 12 0.779742
29 12 0.775894
30 12 0.790136
31 12 0.898638
0 11 0.544592
1 11 0.655026
2 11 0.706812
3 11 0.769542
4 11 0.648145
5 11 0.449301
6 11 0.252744
7 11 0.411928
8 11 0.799518
9 11 0.843298
10 11 0.810532
11 11 0.53117
12 11 0.392334
13 11 0.65907
14 11 0.799993
15 11 0.81329
16 11 0.757024
17 11 0.702398
18 11 0.75555
19 11 0.815762
20 11 0.783003
21 11 0.743802
22 11 0.799585
23 11 0.52795
24 11 0.427592
25 11 0.460453
26 11 0.511274
27 11 0.725606
28 11 0.78511
29 11 0.77129
30 11 0.778805
31 11 0.894114
0 10 0.510278
1 10 0.679407
2 10 0.744326
3 10 0.724838
4 10 0.616779
5 10 0.435128
6 10 0.237772
7 10 0.432544
8 10 0.783381
9 10 0.615197
10 10 0.595118
11 10 0.626577
12 10 0.491827
13 10 0.639864
14 10 0.781215
15 10 0.784564
16 10 0.737614
17 10 0.703709
18 10 0.748194
19 10 0.77052
20 10 0.773254
21 10 0.774176
22 10 0.845023
23 10 0.712551
24 10 0.644136
25 10 0.632042
26 10 0.55304
27 10 0.691201
28 10 0.78912
29 10 0.809421
30 10 0.829792
31 10 0.908581
0 9 0.519993
1 9 0.730771
2 9 0.740307
3 9 0.678357
4 9 0.618931
5 9 0.484474
6 9 0.359454
7 9 0.546547
8 9 0.774577
9 9 0.512238
10 9 0.533223
11 9 0.731471
12 9 0.557872
13 9 0.597237
14 9 0.756477
15 9 0.787022
16 9 0.748617
17 9 0.72346
18 9 0.751724
19 9 0.76093
20 9 0.760963
21 9 0.769571
22 9 0.845184
23 9 0.772142
24 9 0.597179
25 9 0.449968
26 9 0.423473
27 9 0.636158
28 9 0.790499
29 9 0.83186
30 9 0.833054
31 9 0.827804
0 8 0.53209
1 8 0.736711
2 8 0.704053
3 8 0.667314
4 8 0.665197
5 8 0.600674
6 8 0.555968
7 8 0.695864
8 8 0.871308
9 8 0.612208
10 8 0.560139
11 8 0.728988
12 8 0.520105
13 8 0.520094
14 8 0.739976
15 8 0.80605
16 8 0.750485
17 8 0.709588
18 8 0.742801
19 8 0.752416
20 8 0.761587
21 8 0.79442
22 8 0.839727
23 8 0.798444
24 8 0.64651
25 8 0.501831
26 8 0.41927
27 8 0.601238
28 8 0.774968
29 8 0.751515
30 8 0.673865
31 8 0.69313
0 7 0.552567
1 7 0.751126
2 7 0.72377
3 7 0.706564
4 7 0.689616
5 7 0.642786
6 7 0.645423
7 7 0.727331
8 7 0.860686
9 7 0.6285
10 7 0.553275
11 7 0.75865
12 7 0.587467
13 7 0.485578
14 7 0.691291
15 7 0.780179
16 7 0.714798
17 7 0.668108
18 7 0.725221
19 7 0.766265
20 7 0.762478
21 7 0.829875
22 7 0.819226
23 7 0.76827
24 7 0.678175
25 7 0.494175
26 7 0.324276
27 7 0.510903
28 7 0.750192
29 7 0.787094
30 7 0.781619
31 7 0.895369
0 6 0.554792
1 6 0.746921
2 6 0.730074
3 6 0.749246
4 6 0.747587
5 6 0.729953
6 6 0.722103
7 6 0.735083
8 6 0.861018
9 6 0.677684
10 6 0.492695
11 6 0.679082
12 6 0.677198
13 6 0.532289
14 6 0.626085
15 6 0.729425
16 6 0.71648
17 6 0.661136
18 6 0.708232
19 6 0.764444
20 6 0.752816
21 6 0.826668
22 6 0.748262
23 6 0.626196
24 6 0.645645
25 6 0.400214
26 6 0.242957
27 6 0.521054
28 6 0.757883
29 6 0.784122
30 6 0.776486
31 6 0.910182
0 5 0.529598
1 5 0.715211
2 5 0.709318
3 5 0.747819
4 5 0.755016
5 5 0.756355
6 5 0.775317
7 5 0.770662
8 5 0.872057
9 5 0.715853
10 5 0.456625
11 5 0.633789
12 5 0.783026
13 5 0.60914
14 5 0.562457
15 5 0.711453
16 5 0.746445
17 5 0.696763
18 5 0.708892
19 5 0.75597
20 5 0.741427
21 5 0.784998
22 5 0.734683
23 5 0.66213
24 5 0.673505
25 5 0.396706
26 5 0.340752
27 5 0.72131
28 5 0.845921
29 5 0.821641
30 5 0.81551
31 5 0.895415
0 4 0.54153
1 4 0.745977
2 4 0.735683
3 4 0.742961
4 4 0.736053
5 4 0.747066
6 4 0.768838
7 4 0.765829
8 4 0.795833
9 4 0.758125
10 4 0.515195
11 4 0.541381
12 4 0.758859
13 4 0.735709
14 4 0.585095
15 4 0.667421
16 4 0.800527
17 4 0.783143
18 4 0.802202
19 4 0.787155
20 4 0.76896
21 4 0.810295
22 4 0.820261
23 4 0.722911
24 4 0.67839
25 4 0.425654
26 4 0.379942
27 4 0.608319
28 4 0.642925
29 4 0.607323
30 4 0.579585
31 4 0.66445
0 3 0.546584
1 3 0.767343
2 3 0.768551
3 3 0.773643
4 3 0.765218
5 3 0.766147
6 3 0.773127
7 3 0.781002
8 3 0.789105
9 3 0.701918
10 3 0.436665
11 3 0.407422
12 3 0.705927
13 3 0.849211
14 3 0.658459
15 3 0.55496
16 3 0.682375
17 3 0.658612
18 3 0.620305
19 3 0.570228
20 3 0.541597
21 3 0.613802
22 3 0.62932
23 3 0.561266
24 3 0.523361
25 3 0.417093
26 3 0.424092
27 3 0.612905
28 3 0.661434
29 3 0.622273
30 3 0.589755
31 3 0.717306
0 2 0.549649
1 2 0.769579
2 2 0.771747
3 2 0.779767
4 2 0.800997
5 2 0.808934
6 2 0.814258
7 2 0.837998
8 2 0.840572
9 2 0.817502
10 2 0.759593
11 2 0.720263
12 2 0.626316
13 2 0.596254
14 2 0.531077
15 2 0.404092
16 2 0.525738
17 2 0.659436
18 2 0.689944
19 2 0.691521
20 2 0.697571
21 2 0.718814
22 2 0.63618
23 2 0.511755
24 2 0.543939
25 2 0.642022
26 2 0.666716
27 2 0.696652
28 2 0.76209
29 2 0.786042
30 2 0.79594
31 2 0.936405
0 1 0.543616
1 1 0.760634
2 1 0.766248
3 1 0.773444
4 1 0.775607
5 1 0.760268
6 1 0.748334
7 1 0.749174
8 1 0.713198
9 1 0.701986
10 1 0.735828
11 1 0.732192
12 1 0.643853
13 1 0.638743
14 1 0.597525
15 1 0.394888
16 1 0.401484
17 1 0.593601
18 1 0.666999
19 1 0.658991
20 1 0.644749
21 1 0.656232
22 1 0.612091
23 1 0.596955
24 1 0.689856
25 1 0.737987
26 1 0.640777
27 1 0.632566
28 1 0.744218
29 1 0.781098
30 1 0.780106
31 1 0.925683
0 0 0.752222
1 0 0.949091
2 0 0.958926
3 0 0.962862
4 0 0.957446
5 0 0.926998
6 0 0.880437
7 0 0.814884
8 0 0.740006
9 0 0.697693
10 0 0.699519
11 0 0.702417
12 0 0.729225
13 0 0.801094
14 0 0.807467
15 0 0.685993
16 0 0.638867
17 0 0.703907
18 0 0.752826
19 0 0.765341
20 0 0.787089
21 0 0.777401
22 0 0.749995
23 0 0.751907
24 0 0.810338
25 0 0.861418
26 0 0.876322
27 0 0.929935
28 0 0.959699
29 0 0.964191
30 0 0.964117
31 0 0.946535
