x y v
0 31 0.636421
1 31 0.542258
2 31 0.639173
3 31 0.659149
4 31 0.510783
5 31 0.565891
6 31 0.545218
7 31 0.556694
8 31 0.578445
9 31 0.613616
10 31 0.627749
11 31 0.649993
12 31 0.658957
13 31 0.594953
14 31 0.58773
15 31 0.59917
16 31 0.611452
17 31 0.586337
18 31 0.583052
19 31 0.534539
20 31 0.508525
21 31 0.614563
22 31 0.623977
23 31 0.567272
24 31 0.554424
25 31 0.594225
26 31 0.610909
27 31 0.605675
28 31 0.600107
29 31 0.62309
30 31 0.640327
31 31 0.728622
0 30 0.686667
1 30 0.442811
2 30 0.482722
3 30 0.438224
4 30 0.357526
5 30 0.505248
6 30 0.546377
7 30 0.445656
8 30 0.399653
9 30 0.45305
10 30 0.491654
11 30 0.47304
12 30 0.441909
13 30 0.359675
14 30 0.475657
15 30 0.485509
16 30 0.444239
17 30 0.430332
18 30 0.433257
19 30 0.390622
20 30 0.463673
21 30 0.546362
22 30 0.461538
23 30 0.420006
24 30 0.473689
25 30 0.529379
26 30 0.491817
27 30 0.410266
28 30 0.429388
29 30 0.493883
30 30 0.476823
31 30 0.386923
0 29 0.634869
1 29 0.421878
2 29 0.375434
3 29 0.377627
4 29 0.395957
5 29 0.563933
6 29 0.434121
7 29 0.295336
8 29 0.415818
9 29 0.513522
10 29 0.467073
11 29 0.489629
12 29 0.38651
13 29 0.392722
14 29 0.551046
15 29 0.505225
16 29 0.42371
17 29 0.44474
18 29 0.426951
19 29 0.348839
20 29 0.448899
21 29 0.492832
22 29 0.437129
23 29 0.534111
24 29 0.601117
25 29 0.541205
26 29 0.295175
27 29 0.266611
28 29 0.436355
29 29 0.457862
30 29 0.41973
31 29 0.374058
0 28 0.577817
1 28 0.492381
2 28 0.420066
3 28 0.431352
4 28 0.435872
5 28 0.426242
6 28 0.373705
7 28 0.524021
8 28 0.656585
9 28 0.572558
10 28 0.483945
11 28 0.48554
12 28 0.387961
13 28 0.432202
14 28 0.531336
15 28 0.410856
16 28 0.360855
17 28 0.464264
18 28 0.454794
19 28 0.422404
20 28 0.488979
21 28 0.385662
22 28 0.472357
23 28 0.569537
24 28 0.376611
25 28 0.190713
26 28 0.12497
27 28 0.511341
28 28 0.572245
29 28 0.275962
30 28 0.337372
31 28 0.417045
0 27 0.717797
1 27 0.600362
2 27 0.493676
3 27 0.494015
4 27 0.458585
5 27 0.44544
6 27 0.490716
7 27 0.567018
8 27 0.558536
9 27 0.492706
10 27 0.504305
11 27 0.456621
12 27 0.431762
13 27 0.459884
14 27 0.454887
15 27 0.324712
16 27 0.402852
17 27 0.55688
18 27 0.470331
19 27 0.463801
20 27 0.440813
21 27 0.50418
22 27 0.476347
23 27 0.246179
24 27 0.0485922
25 27 0
26 27 0.388955
27 27 0.901761
28 27 0.513775
29 27 0.233038
30 27 0.491054
31 27 0.390302
0 26 0.733388
1 26 0.46123
2 26 0.48129
3 26 0.491978
4 26 0.466424
5 26 0.464409
6 26 0.458805
7 26 0.508958
8 26 0.445061
9 26 0.375792
10 26 0.471541
11 26 0.445433
12 26 0.436543
13 26 0.471643
14 26 0.392483
15 26 0.344413
16 26 0.46043
17 26 0.603858
18 26 0.473055
19 26 0.472461
20 26 0.563306
21 26 0.454656
22 26 0.101442
23 26 0.170178
24 26 0.145142
25 26 0.320888
26 26 0.807145
27 26 0.657424
28 26 0.279356
29 26 0.473688
30 26 0.59027
31 26 0.385999
0 25 0.679173
1 25 0.436572
2 25 0.513628
3 25 0.527688
4 25 0.456726
5 25 0.451363
6 25 0.410239
7 25 0.460626
8 25 0.347984
9 25 0.359693
10 25 0.535333
11 25 0.459266
12 25 0.428216
13 25 0.468762
14 25 0.420572
15 25 0.334492
16 25 0.447594
17 25 0.617234
18 25 0.547458
19 25 0.532197
20 25 0.434131
21 25 0.0735919
22 25 0.119066
23 25 0.366684
24 25 0.221321
25 25 0.540147
26 25 0.594656
27 25 0.212274
28 25 0.2426
29 25 0.521803
30 25 0.667244
31 25 0.544913
0 24 0.643727
1 24 0.473339
2 24 0.53594
3 24 0.520128
4 24 0.462888
5 24 0.426954
6 24 0.433452
7 24 0.386086
8 24 0.299547
9 24 0.495001
10 24 0.687489
11 24 0.462539
12 24 0.429182
13 24 0.457751
14 24 0.408164
15 24 0.33103
16 24 0.443053
17 24 0.61427
18 24 0.653798
19 24 0.457443
20 24 0.0981041
21 24 0.0448797
22 24 0.314483
23 24 0.317386
24 24 0.165027
25 24 0.618535
26 24 0.745144
27 24 0.441086
28 24 0.250569
29 24 0.270175
30 24 0.653042
31 24 0.682765
0 23 0.726073
1 23 0.522239
2 23 0.530914
3 23 0.474898
4 23 0.455657
5 23 0.439945
6 23 0.46673
7 23 0.321179
8 23 0.409717
9 23 0.738781
10 23 0.747532
11 23 0.420865
12 23 0.378919
13 23 0.309893
14 23 0.238794
15 23 0.395751
16 23 0.476487
17 23 0.625344
18 23 0.556559
19 23 0.162646
20 23 0.0337303
21 23 0.189077
22 23 0.298807
23 23 0.234554
24 23 0.212473
25 23 0.869391
26 23 0.721545
27 23 0.314532
28 23 0.028921
29 23 0.186063
30 23 0.676441
31 23 0.768019
0 22 0.740208
1 22 0.506711
2 22 0.537894
3 22 0.426657
4 22 0.442049
5 22 0.459489
6 22 0.450037
7 22 0.4037
8 22 0.56875
9 22 0.553628
10 22 0.179848
11 22 0.0899437
12 22 0.274602
13 22 0.387371
14 22 0.396623
15 22 0.396235
16 22 0.407813
17 22 0.478162
18 22 0.152533
19 22 0.0347275
20 22 0.227451
21 22 0.236019
22 22 0.287067
23 22 0.236334
24 22 0.418101
25 22 0.935978
26 22 0.529905
27 22 0.257436
28 22 0.167753
29 22 0.330918
30 22 0.818608
31 22 0.783327
0 21 0.755185
1 21 0.476515
2 21 0.451576
3 21 0.3791
4 21 0.5127
5 21 0.537309
6 21 0.426191
7 21 0.325835
8 21 0.399082
9 21 0.111971
10 21 0.012373
11 21 0.187991
12 21 0.344717
13 21 0.460956
14 21 0.428636
15 21 0.338345
16 21 0.244234
17 21 0.140985
18 21 0.00541349
19 21 0.180406
20 21 0.276774
21 21 0.293187
22 21 0.330479
23 21 0.257236
24 21 0.543694
25 21 0.890016
26 21 0.46464
27 21 0.278059
28 21 0.140504
29 21 0.422819
30 21 0.867588
31 21 0.755754
0 20 0.759299
1 20 0.41743
2 20 0.357915
3 20 0.466688
4 20 0.615149
5 20 0.377752
6 20 0.113006
7 20 0.250708
8 20 0.367389
9 20 0.10873
10 20 0.197516
11 20 0.24514
12 20 0.311678
13 20 0.428059
14 20 0.498845
15 20 0.411161
16 20 0.25987
17 20 0.238836
18 20 0.309027
19 20 0.309024
20 20 0.268262
21 20 0.345435
22 20 0.358341
23 20 0.254161
24 20 0.586549
25 20 0.891378
26 20 0.4747
27 20 0.391801
28 20 0.359978
29 20 0.533777
30 20 0.706058
31 20 0.646053
0 19 0.710619
1 19 0.332795
2 19 0.352136
3 19 0.557627
4 19 0.427469
5 19 0.06037
6 19 0.188222
7 19 0.552318
8 19 0.356353
9 19 0.104241
10 19 0.228131
11 19 0.290546
12 19 0.375895
13 19 0.411323
14 19 0.408299
15 19 0.401511
16 19 0.408057
17 19 0.453075
18 19 0.425467
19 19 0.348697
20 19 0.265879
21 19 0.400452
22 19 0.344192
23 19 0.227474
24 19 0.693871
25 19 0.897556
26 19 0.459374
27 19 0.526164
28 19 0.535598
29 19 0.501535
30 19 0.445566
31 19 0.47005
0 18 0.608806
1 18 0.230322
2 18 0.478524
3 18 0.528101
4 18 0.159751
5 18 0.180283
6 18 0.482826
7 18 0.596368
8 18 0.256064
9 18 0.0651832
10 18 0.270223
11 18 0.351179
12 18 0.42692
13 18 0.41638
14 18 0.394537
15 18 0.38915
16 18 0.403298
17 18 0.423573
18 18 0.383112
19 18 0.394035
20 18 0.358934
21 18 0.441363
22 18 0.287146
23 18 0.290562
24 18 0.853093
25 18 0.793155
26 18 0.483626
27 18 0.561461
28 18 0.523557
29 18 0.429594
30 18 0.345383
31 18 0.443977
0 17 0.48225
1 17 0.320383
2 17 0.651718
3 17 0.327869
4 17 0.14404
5 17 0.418133
6 17 0.509848
7 17 0.569139
8 17 0.244466
9 17 0.101305
10 17 0.308769
11 17 0.354812
12 17 0.451182
13 17 0.382015
14 17 0.377214
15 17 0.372374
16 17 0.391315
17 17 0.396224
18 17 0.377134
19 17 0.434994
20 17 0.417365
21 17 0.41975
22 17 0.250693
23 17 0.389188
24 17 0.880098
25 17 0.670647
26 17 0.502759
27 17 0.509075
28 17 0.430637
29 17 0.382133
30 17 0.518147
31 17 0.501819
0 16 0.495983
1 16 0.537398
2 16 0.530815
3 16 0.135763
4 16 0.331207
5 16 0.495836
6 16 0.480113
7 16 0.560024
8 16 0.249815
9 16 0.182642
10 16 0.369963
11 16 0.32981
12 16 0.442802
13 16 0.384559
14 16 0.386287
15 16 0.375545
16 16 0.372195
17 16 0.388005
18 16 0.37017
19 16 0.435537
20 16 0.497654
21 16 0.431771
22 16 0.244546
23 16 0.395566
24 16 0.875207
25 16 0.655362
26 16 0.506166
27 16 0.511243
28 16 0.460158
29 16 0.498989
30 16 0.555732
31 16 0.398367
0 15 0.681466
1 15 0.593163
2 15 0.235339
3 15 0.162104
4 15 0.505928
5 15 0.436235
6 15 0.50328
7 15 0.626739
8 15 0.277657
9 15 0.244861
10 15 0.365592
11 15 0.341216
12 15 0.471888
13 15 0.405195
14 15 0.391432
15 15 0.383998
16 15 0.384252
17 15 0.406921
18 15 0.347338
19 15 0.513949
20 15 0.580499
21 15 0.359599
22 15 0.204681
23 15 0.443177
24 15 0.993696
25 15 0.675864
26 15 0.504465
27 15 0.509247
28 15 0.475572
29 15 0.44347
30 15 0.403572
31 15 0.313271
0 14 0.817548
1 14 0.402157
2 14 0.0739974
3 14 0.324181
4 14 0.501882
5 14 0.380786
6 14 0.519476
7 14 0.700853
8 14 0.350671
9 14 0.2666
10 14 0.246575
11 14 0.241379
12 14 0.54127
13 14 0.446557
14 14 0.384286
15 14 0.418238
16 14 0.432047
17 14 0.416786
18 14 0.374904
19 14 0.67534
20 14 0.56103
21 14 0.225197
22 14 0.277764
23 14 0.734931
24 14 1
25 14 0.556936
26 14 0.4886
27 14 0.475537
28 14 0.43979
29 14 0.402828
30 14 0.393142
31 14 0.354504
0 13 0.823814
1 13 0.253053
2 13 0.167724
3 13 0.422079
4 13 0.387677
5 13 0.361091
6 13 0.569334
7 13 0.68797
8 13 0.403931
9 13 0.306281
10 13 0.190443
11 13 0.260931
12 13 0.744698
13 13 0.446081
14 13 0.359558
15 13 0.38687
16 13 0.435546
17 13 0.414829
18 13 0.525259
19 13 0.865825
20 13 0.503567
21 13 0.142564
22 13 0.555619
23 13 0.929175
24 13 0.750744
25 13 0.356984
26 13 0.442435
27 13 0.461679
28 13 0.446678
29 13 0.417836
30 13 0.380647
31 13 0.401373
0 12 0.745877
1 12 0.215414
2 12 0.336934
3 12 0.39122
4 12 0.260765
5 12 0.392642
6 12 0.566748
7 12 0.668603
8 12 0.550472
9 12 0.322807
10 12 0.205879
11 12 0.350831
12 12 0.826192
13 12 0.489567
14 12 0.371989
15 12 0.446749
16 12 0.455415
17 12 0.445978
18 12 0.749095
19 12 0.942338
20 12 0.330463
21 12 0.0876755
22 12 0.580736
23 12 0.69224
24 12 0.666563
25 12 0.445776
26 12 0.42637
27 12 0.447813
28 12 0.456318
29 12 0.438265
30 12 0.425586
31 12 0.41898
0 11 0.645278
1 11 0.326683
2 11 0.494114
3 11 0.315166
4 11 0.227491
5 11 0.381881
6 11 0.5085
7 11 0.810458
8 11 0.739234
9 11 0.240883
10 11 0.134643
11 11 0.328636
12 11 0.818797
13 11 0.571052
14 11 0.410865
15 11 0.42349
16 11 0.372797
17 11 0.502222
18 11 0.748072
19 11 0.64893
20 11 0.288592
21 11 0.309716
22 11 0.573777
23 11 0.487574
24 11 0.776555
25 11 0.544313
26 11 0.57293
27 11 0.483748
28 11 0.444479
29 11 0.45819
30 11 0.445379
31 11 0.380879
0 10 0.621696
1 10 0.486298
2 10 0.499337
3 10 0.236294
4 10 0.215045
5 10 0.302438
6 10 0.50924
7 10 0.887628
8 10 0.670576
9 10 0.113551
10 10 0.221011
11 10 0.347774
12 10 0.711836
13 10 0.641303
14 10 0.428331
15 10 0.402018
16 10 0.389331
17 10 0.532586
18 10 0.541148
19 10 0.437475
20 10 0.425914
21 10 0.390062
22 10 0.38645
23 10 0.34207
24 10 0.718606
25 10 0.48645
26 10 0.581128
27 10 0.52548
28 10 0.444531
29 10 0.492539
30 10 0.469656
31 10 0.350979
0 9 0.691125
1 9 0.534555
2 9 0.400738
3 9 0.264464
4 9 0.268408
5 9 0.306119
6 9 0.62967
7 9 0.841841
8 9 0.458998
9 9 0.180285
10 9 0.575946
11 9 0.449754
12 9 0.502506
13 9 0.618925
14 9 0.434818
15 9 0.439342
16 9 0.412256
17 9 0.499114
18 9 0.497324
19 9 0.449164
20 9 0.468244
21 9 0.433177
22 9 0.340037
23 9 0.355604
24 9 0.44853
25 9 0.35073
26 9 0.514477
27 9 0.58976
28 9 0.457004
29 9 0.505743
30 9 0.438374
31 9 0.263261
0 8 0.737367
1 8 0.461721
2 8 0.352746
3 8 0.375193
4 8 0.372321
5 8 0.404643
6 8 0.67485
7 8 0.713058
8 8 0.395044
9 8 0.266682
10 8 0.650151
11 8 0.41736
12 8 0.395194
13 8 0.638172
14 8 0.467359
15 8 0.462676
16 8 0.398318
17 8 0.465058
18 8 0.460257
19 8 0.457048
20 8 0.471622
21 8 0.507933
22 8 0.353829
23 8 0.240943
24 8 0.323004
25 8 0.508419
26 8 0.540881
27 8 0.63794
28 8 0.429983
29 8 0.389425
30 8 0.293815
31 8 0.334595
0 7 0.759485
1 7 0.420859
2 7 0.395781
3 7 0.442149
4 7 0.409919
5 7 0.455643
6 7 0.630113
7 7 0.587145
8 7 0.370269
9 7 0.235824
10 7 0.588002
11 7 0.394974
12 7 0.378544
13 7 0.660609
14 7 0.503388
15 7 0.397435
16 7 0.397956
17 7 0.461177
18 7 0.475776
19 7 0.459005
20 7 0.467255
21 7 0.527826
22 7 0.338225
23 7 0.239822
24 7 0.291288
25 7 0.40138
26 7 0.461744
27 7 0.697074
28 7 0.442536
29 7 0.393129
30 7 0.389165
31 7 0.509901
0 6 0.759928
1 6 0.430458
2 6 0.433993
3 6 0.450761
4 6 0.432763
5 6 0.479052
6 6 0.566012
7 6 0.497524
8 6 0.415781
9 6 0.274232
10 6 0.510181
11 6 0.340669
12 6 0.411946
13 6 0.640036
14 6 0.511896
15 6 0.34674
16 6 0.449005
17 6 0.479272
18 6 0.528184
19 6 0.444153
20 6 0.445176
21 6 0.468005
22 6 0.252141
23 6 0.26767
24 6 0.335508
25 6 0.222508
26 6 0.50277
27 6 0.82043
28 6 0.519975
29 6 0.453995
30 6 0.413715
31 6 0.413545
0 5 0.738123
1 5 0.439256
2 5 0.470499
3 5 0.492108
4 5 0.42801
5 5 0.469249
6 5 0.486158
7 5 0.475786
8 5 0.413886
9 5 0.26474
10 5 0.481589
11 5 0.451247
12 5 0.397379
13 5 0.520691
14 5 0.551264
15 5 0.40507
16 5 0.439523
17 5 0.466381
18 5 0.56267
19 5 0.439314
20 5 0.454431
21 5 0.362871
22 5 0.251304
23 5 0.395669
24 5 0.377816
25 5 0.162898
26 5 0.811774
27 5 0.833174
28 5 0.491933
29 5 0.445763
30 5 0.455093
31 5 0.319667
0 4 0.753392
1 4 0.456524
2 4 0.496595
3 4 0.479598
4 4 0.444672
5 4 0.489157
6 4 0.450984
7 4 0.444195
8 4 0.293618
9 4 0.32674
10 4 0.567813
11 4 0.521965
12 4 0.267793
13 4 0.491634
14 4 0.557906
15 4 0.481442
16 4 0.422204
17 4 0.487999
18 4 0.518432
19 4 0.454046
20 4 0.436381
21 4 0.377354
22 4 0.332036
23 4 0.340429
24 4 0.269213
25 4 0.298434
26 4 0.810464
27 4 0.580087
28 4 0.351544
29 4 0.377273
30 4 0.390128
31 4 0.28464
0 3 0.776598
1 3 0.460448
2 3 0.481762
3 3 0.463298
4 3 0.472834
5 3 0.486459
6 3 0.465276
7 3 0.455811
8 3 0.282721
9 3 0.224739
10 3 0.363351
11 3 0.753777
12 3 0.489932
13 3 0.421622
14 3 0.413848
15 3 0.494749
16 3 0.33365
17 3 0.35487
18 3 0.390541
19 3 0.326034
20 3 0.404388
21 3 0.419447
22 3 0.301529
23 3 0.256234
24 3 0.259992
25 3 0.356837
26 3 0.768475
27 3 0.561812
28 3 0.390363
29 3 0.436562
30 3 0.43491
31 3 0.537789
0 2 0.789197
1 2 0.462095
2 2 0.467871
3 2 0.461094
4 2 0.480741
5 2 0.486851
6 2 0.480576
7 2 0.48222
8 2 0.387175
9 2 0.182586
10 2 0.452836
11 2 0.782273
12 2 0.396498
13 2 0.241334
14 2 0.389211
15 2 0.493225
16 2 0.413742
17 2 0.361881
18 2 0.449859
19 2 0.444952
20 2 0.521482
21 2 0.465894
22 2 0.327484
23 2 0.352137
24 2 0.406427
25 2 0.651031
26 2 0.725309
27 2 0.549609
28 2 0.466399
29 2 0.503984
30 2 0.513865
31 2 0.569337
0 1 0.782496
1 1 0.45837
2 1 0.467283
3 1 0.461954
4 1 0.454295
5 1 0.434375
6 1 0.452901
7 1 0.4294
8 1 0.375778
9 1 0.34997
10 1 0.404882
11 1 0.355627
12 1 0.339385
13 1 0.331882
14 1 0.371707
15 1 0.503703
16 1 0.629182
17 1 0.461135
18 1 0.458753
19 1 0.400272
20 1 0.450486
21 1 0.378232
22 1 0.359885
23 1 0.506988
24 1 0.614591
25 1 0.524286
26 1 0.438968
27 1 0.5868
28 1 0.513619
29 1 0.47333
30 1 0.466061
31 1 0.40244
0 0 0.878561
1 0 0.465097
2 0 0.461765
3 0 0.448568
4 0 0.417684
5 0 0.404768
6 0 0.391237
7 0 0.341508
8 0 0.354854
9 0 0.426371
10 0 0.387479
11 0 0.356148
12 0 0.459967
13 0 0.419123
14 0 0.292064
15 0 0.452237
16 0 0.706583
17 0 0.554776
18 0 0.440874
19 0 0.446802
20 0 0.456844
21 0 0.411582
22 0 0.446316
23 0 0.579297
24 0 0.547895
25 0 0.39104
26 0 0.504849
27 0 0.619984
28 0 0.497405
29 0 0.449772
30 0 0.451703
31 0 0.20138
