x y v
0 31 0.46528
1 31 0.390689
2 31 0.374656
3 31 0.339184
4 31 0.412058
5 31 0.434618
6 31 0.432353
7 31 0.374594
8 31 0.380429
9 31 0.380934
10 31 0.396143
11 31 0.365834
12 31 0.360229
13 31 0.354138
14 31 0.427837
15 31 0.417492
16 31 0.381934
17 31 0.361012
18 31 0.306293
19 31 0.295071
20 31 0.399029
21 31 0.428212
22 31 0.405358
23 31 0.40877
24 31 0.437263
25 31 0.422257
26 31 0.395498
27 31 0.370074
28 31 0.372547
29 31 0.388064
30 31 0.36984
31 31 0.147377
0 30 0.464282
1 30 0.596274
2 30 0.449716
3 30 0.440934
4 30 0.566361
5 30 0.598538
6 30 0.660219
7 30 0.661021
8 30 0.682335
9 30 0.662244
10 30 0.611572
11 30 0.621009
12 30 0.569203
13 30 0.639576
14 30 0.634065
15 30 0.652438
16 30 0.66832
17 30 0.689467
18 30 0.601778
19 30 0.530977
20 30 0.51151
21 30 0.452199
22 30 0.533179
23 30 0.646168
24 30 0.668796
25 30 0.660581
26 30 0.641839
27 30 0.661042
28 30 0.672608
29 30 0.628086
30 30 0.628791
31 30 0.448161
0 29 0.52678
1 29 0.687723
2 29 0.606458
3 29 0.458275
4 29 0.486317
5 29 0.369491
6 29 0.405654
7 29 0.641988
8 29 0.710732
9 29 0.653422
10 29 0.648945
11 29 0.641947
12 29 0.594635
13 29 0.657563
14 29 0.547109
15 29 0.569217
16 29 0.689387
17 29 0.696318
18 29 0.630831
19 29 0.595617
20 29 0.565052
21 29 0.461383
22 29 0.523395
23 29 0.588774
24 29 0.59014
25 29 0.63359
26 29 0.753275
27 29 0.900213
28 29 0.794969
29 29 0.677383
30 29 0.676544
31 29 0.468668
0 28 0.513869
1 28 0.528184
2 28 0.609091
3 28 0.548962
4 28 0.49677
5 28 0.409569
6 28 0.456337
7 28 0.46037
8 28 0.407007
9 28 0.478394
10 28 0.633019
11 28 0.602911
12 28 0.652573
13 28 0.638548
14 28 0.550106
15 28 0.540908
16 28 0.68772
17 28 0.701545
18 28 0.594409
19 28 0.64905
20 28 0.51034
21 28 0.526207
22 28 0.55959
23 28 0.428802
24 28 0.469116
25 28 0.587384
26 28 0.813329
27 28 0.843226
28 28 0.688597
29 28 0.800178
30 28 0.871598
31 28 0.446311
0 27 0.547649
1 27 0.438075
2 27 0.567927
3 27 0.566832
4 27 0.582977
5 27 0.591944
6 27 0.553482
7 27 0.484516
8 27 0.489838
9 27 0.548224
10 27 0.604419
11 27 0.593604
12 27 0.628454
13 27 0.611818
14 27 0.512253
15 27 0.592762
16 27 0.637087
17 27 0.636082
18 27 0.575489
19 27 0.564111
20 27 0.559368
21 27 0.588911
22 27 0.430111
23 27 0.476637
24 27 0.547118
25 27 0.522267
26 27 0.561713
27 27 0.186788
28 27 0.37628
29 27 0.96188
30 27 0.902632
31 27 0.513304
0 26 0.440298
1 26 0.545104
2 26 0.615806
3 26 0.64305
4 26 0.614597
5 26 0.612465
6 26 0.612162
7 26 0.610385
8 26 0.608359
9 26 0.708091
10 26 0.683456
11 26 0.639506
12 26 0.631833
13 26 0.606156
14 26 0.527969
15 26 0.55742
16 26 0.568056
17 26 0.548963
18 26 0.632768
19 26 0.587018
20 26 0.533134
21 26 0.383938
22 26 0.576993
23 26 0.643938
24 26 0.574667
25 26 0.723116
26 26 0.379616
27 26 0
28 26 0.330956
29 26 0.632508
30 26 0.725917
31 26 0.616176
0 25 0.460434
1 25 0.603606
2 25 0.577978
3 25 0.596687
4 25 0.647
5 25 0.598247
6 25 0.575052
7 25 0.503826
8 25 0.552653
9 25 0.697407
10 25 0.678562
11 25 0.634448
12 25 0.673811
13 25 0.634563
14 25 0.570916
15 25 0.527842
16 25 0.557764
17 25 0.479996
18 25 0.604003
19 25 0.582981
20 25 0.435988
21 25 0.530741
22 25 0.66233
23 25 0.424502
24 25 0.586298
25 25 0.668674
26 25 0.498696
27 25 0.412292
28 25 0.377485
29 25 0.339
30 25 0.564539
31 25 0.517172
0 24 0.520308
1 24 0.614111
2 24 0.609195
3 24 0.582435
4 24 0.644391
5 24 0.629921
6 24 0.625153
7 24 0.453408
8 24 0.535992
9 24 0.561744
10 24 0.48153
11 24 0.610259
12 24 0.683318
13 24 0.672155
14 24 0.587327
15 24 0.607031
16 24 0.568853
17 24 0.5049
18 24 0.532204
19 24 0.520024
20 24 0.592023
21 24 0.685139
22 24 0.482759
23 24 0.342716
24 24 0.597715
25 24 0.675499
26 24 0.496868
27 24 0.493479
28 24 0.325651
29 24 0.489185
30 24 0.57249
31 24 0.409597
0 23 0.511406
1 23 0.55476
2 23 0.592364
3 23 0.62065
4 23 0.663902
5 23 0.664599
6 23 0.604781
7 23 0.576956
8 23 0.614393
9 23 0.54064
10 23 0.406986
11 23 0.767608
12 23 0.87078
13 23 0.851918
14 23 0.818458
15 23 0.648691
16 23 0.546805
17 23 0.540345
18 23 0.441273
19 23 0.601506
20 23 0.768949
21 23 0.611033
22 23 0.448051
23 23 0.380951
24 23 0.686528
25 23 0.53216
26 23 0.300612
27 23 0.378925
28 23 0.432677
29 23 0.548255
30 23 0.601963
31 23 0.317005
0 22 0.509706
1 22 0.602449
2 22 0.564667
3 22 0.634077
4 22 0.694328
5 22 0.671167
6 22 0.596463
7 22 0.628475
8 22 0.549096
9 22 0.392036
10 22 0.507104
11 22 0.750622
12 22 0.831741
13 22 0.956616
14 22 1
15 22 0.857193
16 22 0.767275
17 22 0.593874
18 22 0.583199
19 22 0.727607
20 22 0.595638
21 22 0.513375
22 22 0.453122
23 22 0.405333
24 22 0.687669
25 22 0.444406
26 22 0.451358
27 22 0.456586
28 22 0.332998
29 22 0.375571
30 22 0.435959
31 22 0.247491
0 21 0.492245
1 21 0.600941
2 21 0.558335
3 21 0.692801
4 21 0.694216
5 21 0.652449
6 21 0.594092
7 21 0.637001
8 21 0.467117
9 21 0.412151
10 21 0.585702
11 21 0.4377
12 21 0.348026
13 21 0.392593
14 21 0.60974
15 21 0.765761
16 21 0.804412
17 21 0.705224
18 21 0.784406
19 21 0.607124
20 21 0.441968
21 21 0.435115
22 21 0.365924
23 21 0.428941
24 21 0.624661
25 21 0.439245
26 21 0.576794
27 21 0.545685
28 21 0.460469
29 21 0.409432
30 21 0.271245
31 21 0.191493
0 20 0.469826
1 20 0.600617
2 20 0.618781
3 20 0.707685
4 20 0.594032
5 20 0.571828
6 20 0.69533
7 20 0.715072
8 20 0.362863
9 20 0.375916
10 20 0.371234
11 20 0.307434
12 20 0.281699
13 20 0.229199
14 20 0.206762
15 20 0.261699
16 20 0.452719
17 20 0.541964
18 20 0.536112
19 20 0.451139
20 20 0.407426
21 20 0.379274
22 20 0.266908
23 20 0.415733
24 20 0.588621
25 20 0.389559
26 20 0.576097
27 20 0.656032
28 20 0.628853
29 20 0.485741
30 20 0.361615
31 20 0.216008
0 19 0.421384
1 19 0.566172
2 19 0.661144
3 19 0.607363
4 19 0.475877
5 19 0.714867
6 19 0.82226
7 19 0.504133
8 19 0.236523
9 19 0.340815
10 19 0.307227
11 19 0.288936
12 19 0.241107
13 19 0.197969
14 19 0.21429
15 19 0.224912
16 19 0.273952
17 19 0.308225
18 19 0.328183
19 19 0.376013
20 19 0.392608
21 19 0.334859
22 19 0.215992
23 19 0.411482
24 19 0.563827
25 19 0.272302
26 19 0.554398
27 19 0.624753
28 19 0.625448
29 19 0.63979
30 19 0.654564
31 19 0.413332
0 18 0.357714
1 18 0.528441
2 18 0.545655
3 18 0.370325
4 18 0.528493
5 18 0.730183
6 18 0.606374
7 18 0.447764
8 18 0.341208
9 18 0.385809
10 18 0.307122
11 18 0.237971
12 18 0.225193
13 18 0.180652
14 18 0.217422
15 18 0.235906
16 18 0.278078
17 18 0.309618
18 18 0.351201
19 18 0.372435
20 18 0.381998
21 18 0.268868
22 18 0.263339
23 18 0.485045
24 18 0.475283
25 18 0.303895
26 18 0.568638
27 18 0.532751
28 18 0.558068
29 18 0.563643
30 18 0.756422
31 18 0.460709
0 17 0.370851
1 17 0.536739
2 17 0.259889
3 17 0.279349
4 17 0.589847
5 17 0.534095
6 17 0.519999
7 17 0.446253
8 17 0.38237
9 17 0.383708
10 17 0.310639
11 17 0.262294
12 17 0.209387
13 17 0.18969
14 17 0.20958
15 17 0.246758
16 17 0.276367
17 17 0.308524
18 17 0.364493
19 17 0.339578
20 17 0.371049
21 17 0.26938
22 17 0.35133
23 17 0.534459
24 17 0.429358
25 17 0.438504
26 17 0.560882
27 17 0.525242
28 17 0.534892
29 17 0.546528
30 17 0.593209
31 17 0.32439
0 16 0.46757
1 16 0.427931
2 16 0.100781
3 16 0.388215
4 16 0.528723
5 16 0.378351
6 16 0.576329
7 16 0.451385
8 16 0.360427
9 16 0.325075
10 16 0.187394
11 16 0.288955
12 16 0.226524
13 16 0.186336
14 16 0.172404
15 16 0.221365
16 16 0.248253
17 16 0.280651
18 16 0.336058
19 16 0.323417
20 16 0.313144
21 16 0.19917
22 16 0.38177
23 16 0.586684
24 16 0.451388
25 16 0.483132
26 16 0.578578
27 16 0.567555
28 16 0.603919
29 16 0.590191
30 16 0.519545
31 16 0.377681
0 15 0.539548
1 15 0.332582
2 15 0.237622
3 15 0.46857
4 15 0.324283
5 15 0.365972
6 15 0.613085
7 15 0.52798
8 15 0.428679
9 15 0.318706
10 15 0.0995457
11 15 0.270694
12 15 0.258699
13 15 0.175699
14 15 0.119058
15 15 0.167564
16 15 0.205888
17 15 0.214328
18 15 0.341583
19 15 0.366689
20 15 0.1821
21 15 0.144544
22 15 0.344832
23 15 0.659146
24 15 0.398319
25 15 0.444104
26 15 0.609757
27 15 0.604538
28 15 0.615642
29 15 0.598669
30 15 0.609211
31 15 0.47958
0 14 0.492858
1 14 0.379581
2 14 0.488038
3 14 0.420682
4 14 0.21636
5 14 0.404457
6 14 0.591923
7 14 0.544159
8 14 0.544835
9 14 0.409288
10 14 0.197818
11 14 0.294715
12 14 0.331254
13 14 0.128432
14 14 0.0923519
15 14 0.0732668
16 14 0.114188
17 14 0.150396
18 14 0.387808
19 14 0.364024
20 14 0.148073
21 14 0.177622
22 14 0.415493
23 14 0.594557
24 14 0.348931
25 14 0.538592
26 14 0.634014
27 14 0.626558
28 14 0.636023
29 14 0.616705
30 14 0.57785
31 14 0.441259
0 13 0.452297
1 13 0.518976
2 13 0.585028
3 13 0.330452
4 13 0.214724
5 13 0.432072
6 13 0.579983
7 13 0.526676
8 13 0.635771
9 13 0.422191
10 13 0.337992
11 13 0.474909
12 13 0.357758
13 13 0.268227
14 13 0.147666
15 13 0.0643099
16 13 0.0011146
17 13 0.0400928
18 13 0.32226
19 13 0.22152
20 13 0.128787
21 13 0.276824
22 13 0.371613
23 13 0.451355
24 13 0.55478
25 13 0.841305
26 13 0.722433
27 13 0.642506
28 13 0.64902
29 13 0.627992
30 13 0.592101
31 13 0.432205
0 12 0.408566
1 12 0.650965
2 12 0.58525
3 12 0.307766
4 12 0.296424
5 12 0.362978
6 12 0.495211
7 12 0.596905
8 12 0.671865
9 12 0.459821
10 12 0.38906
11 12 0.52573
12 12 0.430327
13 12 0.579687
14 12 0.453631
15 12 0.332707
16 12 0.177404
17 12 0.178898
18 12 0.306747
19 12 0.101717
20 12 0.210005
21 12 0.360293
22 12 0.0777119
23 12 0.151471
24 12 0.581244
25 12 0.77509
26 12 0.826195
27 12 0.694556
28 12 0.644954
29 12 0.664139
30 12 0.641629
31 12 0.429911
0 11 0.431853
1 11 0.70142
2 11 0.518232
3 11 0.396516
4 11 0.404693
5 11 0.313748
6 11 0.481958
7 11 0.570118
8 11 0.580999
9 11 0.618431
10 11 0.589661
11 11 0.580416
12 11 0.382136
13 11 0.666689
14 11 0.648406
15 11 0.554667
16 11 0.542967
17 11 0.546299
18 11 0.448152
19 11 0.37569
20 11 0.592143
21 11 0.534413
22 11 0.168989
23 11 0.153127
24 11 0.265202
25 11 0.503887
26 11 0.683244
27 11 0.718558
28 11 0.657629
29 11 0.658496
30 11 0.63692
31 11 0.452227
0 10 0.4942
1 10 0.645159
2 10 0.472208
3 10 0.507125
4 10 0.449792
5 10 0.325214
6 10 0.487818
7 10 0.39256
8 10 0.38392
9 10 0.726501
10 10 0.713312
11 10 0.652762
12 10 0.405488
13 10 0.616077
14 10 0.667582
15 10 0.624041
16 10 0.646584
17 10 0.595797
18 10 0.596996
19 10 0.668321
20 10 0.700908
21 10 0.620576
22 10 0.398256
23 10 0.554515
24 10 0.300007
25 10 0.597527
26 10 0.610832
27 10 0.716053
28 10 0.685007
29 10 0.663357
30 10 0.64357
31 10 0.464283
0 9 0.524924
1 9 0.564827
2 9 0.534582
3 9 0.585589
4 9 0.456003
5 9 0.382942
6 9 0.444944
7 9 0.273851
8 9 0.319882
9 9 0.697369
10 9 0.518595
11 9 0.544937
12 9 0.532433
13 9 0.634268
14 9 0.683267
15 9 0.625016
16 9 0.638181
17 9 0.625669
18 9 0.61943
19 9 0.67832
20 9 0.669055
21 9 0.674928
22 9 0.487917
23 9 0.52198
24 9 0.292208
25 9 0.704314
26 9 0.702752
27 9 0.704032
28 9 0.669971
29 9 0.622633
30 9 0.61495
31 9 0.506966
0 8 0.518854
1 8 0.570542
2 8 0.606588
3 8 0.591064
4 8 0.498101
5 8 0.491389
6 8 0.461926
7 8 0.37668
8 8 0.425697
9 8 0.650115
10 8 0.390378
11 8 0.475326
12 8 0.615747
13 8 0.623237
14 8 0.719848
15 8 0.613698
16 8 0.659681
17 8 0.648755
18 8 0.650318
19 8 0.64786
20 8 0.643238
21 8 0.653507
22 8 0.529467
23 8 0.560401
24 8 0.434291
25 8 0.513038
26 8 0.654732
27 8 0.692147
28 8 0.685551
29 8 0.573253
30 8 0.579236
31 8 0.473486
0 7 0.509068
1 7 0.625929
2 7 0.64991
3 7 0.563339
4 7 0.524855
5 7 0.540812
6 7 0.518325
7 7 0.473218
8 7 0.470251
9 7 0.695852
10 7 0.506115
11 7 0.48473
12 7 0.609984
13 7 0.559443
14 7 0.721351
15 7 0.618762
16 7 0.659967
17 7 0.62699
18 7 0.669338
19 7 0.630302
20 7 0.615204
21 7 0.588005
22 7 0.554577
23 7 0.608907
24 7 0.523264
25 7 0.454493
26 7 0.734771
27 7 0.65407
28 7 0.722335
29 7 0.690814
30 7 0.649145
31 7 0.372035
0 6 0.501368
1 6 0.662783
2 6 0.673275
3 6 0.647935
4 6 0.603168
5 6 0.581046
6 6 0.515053
7 6 0.542554
8 6 0.456364
9 6 0.646771
10 6 0.550437
11 6 0.59142
12 6 0.600876
13 6 0.476239
14 6 0.694656
15 6 0.673682
16 6 0.594998
17 6 0.575627
18 6 0.64341
19 6 0.645415
20 6 0.637312
21 6 0.526458
22 6 0.560371
23 6 0.541098
24 6 0.51083
25 6 0.442615
26 6 0.785383
27 6 0.489728
28 6 0.644414
29 6 0.685819
30 6 0.712909
31 6 0.473315
0 5 0.492911
1 5 0.643038
2 5 0.660698
3 5 0.649919
4 5 0.669586
5 5 0.661989
6 5 0.599541
7 5 0.591947
8 5 0.403162
9 5 0.623239
10 5 0.62599
11 5 0.667944
12 5 0.553123
13 5 0.509713
14 5 0.635148
15 5 0.752434
16 5 0.558755
17 5 0.609597
18 5 0.542607
19 5 0.67625
20 5 0.655342
21 5 0.566262
22 5 0.630609
23 5 0.451293
24 5 0.328197
25 5 0.60313
26 5 0.647006
27 5 0.436758
28 5 0.648008
29 5 0.728933
30 5 0.759513
31 5 0.523154
0 4 0.509153
1 4 0.638098
2 4 0.622409
3 4 0.614275
4 4 0.685605
5 4 0.65006
6 4 0.653591
7 4 0.636242
8 4 0.432273
9 4 0.567869
10 4 0.51178
11 4 0.666715
12 4 0.716741
13 4 0.588174
14 4 0.513656
15 4 0.783455
16 4 0.666721
17 4 0.639131
18 4 0.590888
19 4 0.656121
20 4 0.717907
21 4 0.697452
22 4 0.685824
23 4 0.503839
24 4 0.431029
25 4 0.619433
26 4 0.421456
27 4 0.50617
28 4 0.618497
29 4 0.623332
30 4 0.611225
31 4 0.545669
0 3 0.517138
1 3 0.66859
2 3 0.6516
3 3 0.648075
4 3 0.665808
5 3 0.63619
6 3 0.663311
7 3 0.66347
8 3 0.587283
9 3 0.394391
10 3 0.474838
11 3 0.472732
12 3 0.601881
13 3 0.58731
14 3 0.636063
15 3 0.695417
16 3 0.766846
17 3 0.622628
18 3 0.576003
19 3 0.591906
20 3 0.626788
21 3 0.575724
22 3 0.599225
23 3 0.629957
24 3 0.441774
25 3 0.622267
26 3 0.360978
27 3 0.488578
28 3 0.553332
29 3 0.484768
30 3 0.467577
31 3 0.337305
0 2 0.516261
1 2 0.677353
2 2 0.674634
3 2 0.679222
4 2 0.682247
5 2 0.658685
6 2 0.677311
7 2 0.692037
8 2 0.703713
9 2 0.68828
10 2 0.638191
11 2 0.203133
12 2 0.411573
13 2 0.524213
14 2 0.574802
15 2 0.538943
16 2 0.786749
17 2 0.67381
18 2 0.569944
19 2 0.55662
20 2 0.523415
21 2 0.466402
22 2 0.505399
23 2 0.555726
24 2 0.501375
25 2 0.5009
26 2 0.340516
27 2 0.578841
28 2 0.641537
29 2 0.563129
30 2 0.564351
31 2 0.287625
0 1 0.515434
1 1 0.682695
2 1 0.674841
3 1 0.671413
4 1 0.639456
5 1 0.636315
6 1 0.627045
7 1 0.624759
8 1 0.684478
9 1 0.760944
10 1 0.70608
11 1 0.609887
12 1 0.636019
13 1 0.436104
14 1 0.36048
15 1 0.372425
16 1 0.491452
17 1 0.661426
18 1 0.552235
19 1 0.606845
20 1 0.546689
21 1 0.544101
22 1 0.572071
23 1 0.593856
24 1 0.508282
25 1 0.446219
26 1 0.606612
27 1 0.608063
28 1 0.651785
29 1 0.643701
30 1 0.655039
31 1 0.423467
0 0 0.493518
1 0 0.863831
2 0 0.863639
3 0 0.865652
4 0 0.848163
5 0 0.808029
6 0 0.739906
7 0 0.713339
8 0 0.708264
9 0 0.660908
10 0 0.6509
11 0 0.703731
12 0 0.681234
13 0 0.608651
14 0 0.539521
15 0 0.528
16 0 0.345293
17 0 0.535868
18 0 0.617571
19 0 0.655079
20 0 0.597183
21 0 0.585642
22 0 0.602109
23 0 0.584018
24 0 0.609964
25 0 0.741964
26 0 0.797558
27 0 0.681213
28 0 0.807523
29 0 0.865415
30 0 0.856173
31 0 0.592838
