x y v
0 7 1
1 7 0.999805
2 7 0.999908
3 7 0.999912
4 7 -0.305107
5 7 -0.00236152
6 7 0.998261
7 7 0.0338866
0 6 0.999805
1 6 1
2 6 0.999921
3 6 0.999904
4 6 -0.305069
5 6 -0.00804889
6 6 0.998398
7 6 0.0309094
0 5 0.999908
1 5 0.999921
2 5 1
3 5 0.999884
4 5 -0.304074
5 5 -0.00549717
6 5 0.998437
7 5 0.0312345
0 4 0.999912
1 4 0.999904
2 4 0.999884
3 4 1
4 4 -0.306158
5 4 -0.00505409
6 4 0.998204
7 4 0.033859
0 3 -0.305107
1 3 -0.305069
2 3 -0.304074
3 3 -0.306158
4 3 1
5 3 0.130822
6 3 -0.304192
7 3 0.053449
0 2 -0.00236152
1 2 -0.00804889
2 2 -0.00549717
3 2 -0.00505409
4 2 0.130822
5 2 1
6 2 -0.0108506
7 2 0.307384
0 1 0.998261
1 1 0.998398
2 1 0.998437
3 1 0.998204
4 1 -0.304192
5 1 -0.0108506
6 1 1
7 1 0.00397284
0 0 0.0338866
1 0 0.0309094
2 0 0.0312345
3 0 0.033859
4 0 0.053449
5 0 0.307384
6 0 0.00397284
7 0 1
