lag acf_c pacf_c acf_r pacf_r
1 0.999054 0.9992 0.00266237 0.00266276
2 0.998117 0.00449985 -0.0284879 -0.0285035
3 0.997207 0.0171191 0.0111999 0.011368
4 0.996328 0.0186146 0.00125409 0.000377464
5 0.99545 0.001025 -0.0116233 -0.0110036
6 0.994579 0.00398548 0.00822491 0.00822937
7 0.993724 0.0102447 -0.00536103 -0.00608694
8 0.992856 -0.00839426 -0.0143459 -0.0136238
9 0.992013 0.0157256 -0.0106042 -0.0110313
10 0.991185 0.00961569 -0.00938487 -0.0101619
11 0.990408 0.031284 0.00082238 0.000769433
12 0.989662 0.0205615 0.00243909 0.00195115
13 0.988952 0.0239635 0.0116225 0.0117055
14 0.988168 -0.0445542 0.00393815 0.00396288
15 0.987424 0.0263963 -0.0312896 -0.03103
16 0.986677 -0.0024795 0.0224216 0.0225331
17 0.985907 -0.0147561 0.0166612 0.0143381
18 0.985176 0.025745 -0.0331927 -0.0317078
19 0.984432 -0.00873809 -0.0161941 -0.0158757
20 0.983681 -0.00421942 0.0127708 0.0101406
21 0.982931 0.00476816 -0.0141732 -0.0131423
22 0.982175 -0.00565732 -0.0321665 -0.0312957
23 0.981438 0.0137015 0.0237622 0.0219699
24 0.980664 -0.0246803 -0.0148327 -0.016211
25 0.979904 0.00776448 0.0121231 0.0145389
26 0.979184 0.0242365 -0.0120054 -0.0143624
27 0.978509 0.029475 0.0495427 0.0500973
28 0.977791 -0.0271172 0.0269346 0.0264927
29 0.977127 0.0361197 0.00550218 0.00650549
30 0.976447 -0.00890212 0.0293492 0.0288748
31 0.975815 0.0278083 0.0150727 0.0159375
32 0.975149 -0.0189137 0.0264558 0.0301234
33 0.974498 0.0107909 -0.0216133 -0.0244981
34 0.973853 0.0017713 -0.0565191 -0.0554637
35 0.973235 0.0208154 0.00726742 0.0111912
36 0.972614 -0.00373638 0.0138257 0.0105295
37 0.971934 -0.0299624 -0.0343286 -0.0339848
38 0.971151 -0.066781 -0.0109712 -0.00639957
39 0.970339 -0.019083 0.0201442 0.0178232
40 0.969593 0.036952 0.0233044 0.0236705
