x dens gauss
-14.75 0.000588755 1.16222e-05
-14.25 0.00147189 2.13647e-05
-13.75 0.00176626 3.84642e-05
-13.25 0.00147189 6.78213e-05
-12.75 0.000294377 0.000117119
-12.25 0.00147189 0.000198078
-11.75 0.00235502 0.000328094
-11.25 0.00117751 0.000532243
-10.75 0.00147189 0.000845614
-10.25 0.00235502 0.00131578
-9.75 0.00206064 0.00200515
-9.25 0.00441566 0.00299269
-8.75 0.00529879 0.00437447
-8.25 0.00500442 0.00626238
-7.75 0.00412128 0.0087802
-7.25 0.00706506 0.0120565
-6.75 0.00677068 0.0162138
-6.25 0.0129526 0.0213551
-5.75 0.0120695 0.0275466
-5.25 0.0176626 0.0348005
-4.75 0.0191345 0.0430579
-4.25 0.0250221 0.0521759
-3.75 0.0329703 0.0619211
-3.25 0.042096 0.071971
-2.75 0.0547542 0.0819269
-2.25 0.0759494 0.0913369
-1.75 0.106565 0.0997279
-1.25 0.130704 0.106644
-0.75 0.182808 0.111688
-0.25 0.209597 0.114559
0.25 0.213424 0.11508
0.75 0.18222 0.11322
1.25 0.149838 0.109093
1.75 0.11569 0.102948
2.25 0.0856638 0.0951466
2.75 0.0632911 0.0861227
3.25 0.0471004 0.076347
3.75 0.0341478 0.0662853
4.25 0.0250221 0.0563628
4.75 0.0188402 0.0469373
5.25 0.0114807 0.038282
5.75 0.0114807 0.0305789
6.25 0.0091257 0.0239221
6.75 0.00765381 0.0183285
7.25 0.0105976 0.0137532
7.75 0.00765381 0.0101073
8.25 0.00471004 0.00727465
8.75 0.00412128 0.00512793
9.25 0.00323815 0.00354015
9.75 0.00382691 0.0023936
10.25 0.00323815 0.00158501
10.75 0.00235502 0.00102793
11.25 0.00117751 0.000652899
11.75 0.00147189 0.000406142
12.25 0.00235502 0.000247435
12.75 0.00147189 0.000147636
13.25 0.00147189 8.62734e-05
13.75 0.00147189 4.93754e-05
14.25 0.00206064 2.76755e-05
14.75 0.00235502 1.51925e-05
