i true naive rnn lstm gru bilstm
0 168.59 167.08 167.259 167.191 167.1 167.24
1 174.58 168.59 168.722 168.756 168.731 168.749
2 174.99 174.58 174.659 174.791 174.822 174.783
3 174.73 174.99 174.856 175.138 175.194 175.176
4 173.54 174.73 174.724 174.847 174.904 174.883
5 173.16 173.54 173.733 173.651 173.679 173.655
6 176.76 173.16 173.3 173.296 173.299 173.261
7 178.22 176.76 176.753 176.94 176.955 176.922
8 177.58 178.22 178.214 178.379 178.408 178.35
9 174.12 177.58 177.554 177.717 177.726 177.688
10 173.51 174.12 174.003 174.235 174.184 174.232
11 176.82 173.51 173.606 173.669 173.648 173.616
12 175.35 176.82 176.9 177.038 177.063 176.93
13 171.96 175.35 175.279 175.533 175.537 175.465
14 175.39 171.96 171.91 172.134 172.148 172.042
15 176.56 175.39 175.413 175.649 175.749 175.48
16 178.75 176.56 176.618 176.807 176.939 176.656
17 174.42 178.75 178.836 178.997 179.08 178.935
18 174.48 174.42 174.207 174.593 174.509 174.621
19 175.9 174.48 174.56 174.696 174.725 174.563
20 178.15 175.9 176.184 176.144 176.298 175.972
21 178.15 178.15 178.31 178.408 178.591 178.241
22 178.87 178.15 178.359 178.386 178.543 178.24
23 179.71 178.87 178.916 179.104 179.275 178.973
24 178.3 179.71 179.736 179.944 180.101 179.763
25 179.83 178.3 178.243 178.511 178.653 178.363
26 180.38 179.83 179.836 180.069 180.196 179.942
27 180.97 180.38 180.394 180.609 180.694 180.482
28 180.69 180.97 181.041 181.191 181.288 181.067
29 182.41 180.69 180.813 180.895 180.97 180.781
30 180 182.41 182.456 182.629 182.699 182.534
31 185.07 180 179.973 180.182 180.191 180.152
32 185.19 185.07 185.124 185.318 185.364 185.208
33 185.67 185.19 185.341 185.381 185.423 185.313
34 185.95 185.67 185.583 185.84 185.877 185.781
35 189.05 185.95 186.127 186.106 186.123 186.06
36 186.13 189.05 189.013 189.221 189.251 189.202
37 183.62 186.13 185.903 186.251 186.248 186.242
38 183.32 183.62 183.416 183.747 183.69 183.737
39 181.28 183.32 183.473 183.494 183.468 183.414
40 179.22 181.28 181.397 181.477 181.486 181.384
41 174.63 179.22 179.499 179.46 179.518 179.318
42 177.23 174.63 174.645 174.864 174.919 174.7
43 179.54 177.23 177.354 177.602 177.78 177.319
44 176.59 179.54 179.717 179.907 180.201 179.68
45 173.67 176.59 176.564 176.907 177.125 176.682
46 179.62 173.67 173.516 173.971 174.115 173.758
47 180.96 179.62 179.252 180.024 180.247 179.738
48 175 180.96 181.109 181.309 181.587 181.122
49 179 175 174.185 175.236 175.153 175.118
50 184.72 179 178.88 179.345 179.367 179.168
51 186.21 184.72 184.696 185.038 185.207 184.927
52 188.7 186.21 186.163 186.46 186.684 186.399
53 188.76 188.7 189.261 188.931 189.189 188.871
54 188 188.76 188.939 188.959 189.194 188.901
55 189.5 188 187.999 188.188 188.436 188.121
56 187.48 189.5 189.572 189.716 189.884 189.64
57 186.57 187.48 187.496 187.666 187.811 187.593
58 187.07 186.57 186.704 186.777 186.966 186.657
59 185.99 187.07 187.074 187.307 187.462 187.181
60 183.63 185.99 185.842 186.215 186.219 186.125
61 184.7 183.63 183.517 183.852 183.867 183.768
62 183.54 184.7 185.119 184.967 185.106 184.788
63 183.15 183.54 183.913 183.807 183.99 183.609
64 183.13 183.15 183.217 183.433 183.562 183.244
65 181.05 183.13 183.38 183.43 183.672 183.209
66 180.75 181.05 181.285 181.354 181.569 181.094
67 182.15 180.75 180.984 181.093 181.403 180.804
68 182.02 182.15 182.168 182.52 182.918 182.23
69 179.32 182.02 181.989 182.38 182.765 182.095
70 176.44 179.32 179.402 179.665 179.994 179.376
71 178.34 176.44 176.192 176.794 176.964 176.522
72 179.34 178.34 178.445 178.769 179.123 178.465
73 181.28 179.34 179.719 179.765 180.192 179.447
74 185 181.28 181.537 181.694 182.176 181.375
75 184.3 185 185.096 185.4 185.898 185.143
76 187.06 184.3 184.335 184.635 185.11 184.454
77 187.23 187.06 187.103 187.401 187.809 187.192
78 186.89 187.23 187.265 187.526 187.899 187.332
79 183.83 186.89 186.926 187.161 187.455 187.066
80 183.66 183.83 183.783 184.072 184.252 183.986
81 184.06 183.66 183.82 183.941 184.211 183.755
82 182.81 184.06 184.201 184.364 184.631 184.157
83 186.1 182.81 182.901 183.107 183.339 182.884
84 189.08 186.1 186.24 186.434 186.681 186.21
85 185.57 189.08 189.106 189.384 189.497 189.259
86 186.34 185.57 185.227 185.787 185.836 185.688
87 193.61 186.34 186.533 186.585 186.675 186.468
88 197.85 193.61 193.294 193.897 194.023 193.816
89 193.25 197.85 197.929 198.076 198.234 198.083
90 197.2 193.25 192.527 193.352 193.503 193.445
91 200 197.2 197.471 197.348 197.525 197.417
92 197.59 200 200.054 200.141 200.315 200.214
93 200 197.59 197.228 197.7 197.819 197.757
94 199.29 200 200.385 200.143 200.264 200.193
95 199.34 199.29 199.382 199.43 199.507 199.454
96 199.79 199.34 199.336 199.493 199.543 199.511
97 195.05 199.79 199.887 199.956 199.984 199.965
98 194.49 195.05 194.879 195.182 195.103 195.177
99 192.72 194.49 194.527 194.687 194.698 194.6
100 193.02 192.72 192.856 192.949 192.952 192.837
101 187.93 193.02 193.177 193.295 193.385 193.183
102 183.75 187.93 187.887 188.183 188.14 188.055
103 183.13 183.75 183.751 184.024 184.201 183.876
104 182.55 183.13 183.433 183.489 183.924 183.245
105 186.41 182.55 182.99 182.939 183.401 182.64
106 180.83 186.41 186.671 186.845 187.011 186.546
107 179.85 180.83 180.781 181.153 181.365 180.896
108 182.5 179.85 180.041 180.23 180.491 179.926
109 183.2 182.5 182.666 182.921 183.191 182.582
110 181.71 183.2 183.293 183.622 183.966 183.3
111 186.98 181.71 181.764 182.108 182.453 181.811
112 184.07 186.98 186.86 187.436 187.833 187.115
113 167.9 184.07 183.913 184.437 184.638 184.23
114 161.02 167.9 166.259 168.059 167.819 167.98
115 161.93 161.02 163.211 161.933 162.61 161.097
116 162.77 161.93 162.969 162.692 163.254 162.012
117 165.8 162.77 163.873 163.278 163.486 162.829
118 166.94 165.8 166.665 166.173 165.97 165.818
119 166.8 166.94 167.255 167.296 167.228 166.942
120 170.23 166.8 166.948 167.17 167.301 166.795
121 170.1 170.23 170.115 170.614 170.865 170.218
122 177.59 170.1 170.07 170.479 170.896 170.082
123 177.06 177.59 177.453 178.033 178.442 177.637
124 178.22 177.06 177.202 177.431 178.02 177.102
125 178.88 178.22 178.439 178.576 179.135 178.271
126 180.11 178.88 179.13 179.218 179.772 178.935
127 176.13 180.11 180.257 180.444 180.928 180.186
128 177.04 176.13 176.07 176.404 176.749 176.198
129 175.5 177.04 177.385 177.365 177.759 177.12
130 173.12 175.5 175.803 175.815 176.23 175.556
131 170.8 173.12 173.254 173.431 173.788 173.159
132 172.12 170.8 171.009 171.13 171.461 170.856
133 178.5 172.12 172.336 172.506 172.969 172.199
134 176.25 178.5 178.409 178.933 179.397 178.65
135 173.33 176.25 176.196 176.581 176.986 176.379
136 177.89 173.33 173.443 173.63 173.949 173.396
137 171.39 177.89 177.757 178.266 178.674 178.033
138 175.4 171.39 171.054 171.656 171.794 171.477
139 179.55 175.4 175.841 175.765 176.14 175.509
140 184.52 179.55 179.638 179.924 180.348 179.671
141 187 184.52 184.508 184.88 185.279 184.69
142 186.49 187 187.276 187.313 187.699 187.094
143 184.89 186.49 186.726 186.745 187.116 186.509
144 186.88 184.89 185.096 185.116 185.451 184.982
145 186.43 186.88 187.019 187.146 187.478 187.048
146 189.87 186.43 186.543 186.675 186.933 186.6
147 191.6 189.87 189.979 190.145 190.354 190.09
148 193.88 191.6 191.576 191.838 191.975 191.845
149 193.96 193.88 193.807 194.081 194.247 194.106
