x close ma20 ma50 vol volat
1997.56 0.111458 0.104766 0.0886407 12.408 1.19855
1997.58 0.120833 0.114805 0.0922448 71.76 1.04064
1997.6 0.114583 0.114206 0.0959688 44.232 0.802028
1997.62 0.105729 0.11349 0.0995157 31.944 0.576256
1997.64 0.10625 0.112279 0.102057 14.256 0.568134
1997.66 0.116927 0.111107 0.105969 14.448 0.559388
1997.68 0.125 0.113086 0.109661 38.16 0.584612
1997.7 0.184375 0.12612 0.118401 66.672 0.973948
1997.71 0.197396 0.142344 0.124396 178.584 1.32567
1997.73 0.208333 0.168255 0.134724 54.624 1.44279
1997.75 0.200781 0.189128 0.144125 23.28 1.47684
1997.77 0.195052 0.19776 0.152089 75.744 1.24477
1997.79 0.18125 0.202904 0.159875 50.688 0.829415
1997.81 0.251302 0.204284 0.171 189.84 0.900515
1997.83 0.254167 0.21526 0.185214 100.536 1.18853
1997.85 0.223958 0.225781 0.19788 52.536 1.18394
1997.87 0.208333 0.227787 0.205755 117.384 1.23551
1997.89 0.224479 0.227982 0.211745 52.056 1.04276
1997.91 0.20625 0.22069 0.215417 32.064 0.598834
1997.93 0.229688 0.213971 0.215854 53.232 0.631346
1997.94 0.227083 0.221146 0.218411 53.448 0.529311
1997.96 0.225 0.221576 0.220682 95.064 0.478229
1997.98 0.226042 0.22474 0.223328 9.744 0.450711
1998 0.247917 0.231198 0.227406 33.216 0.456001
1998.02 0.213021 0.23181 0.227385 132.864 0.550167
1998.04 0.239583 0.234076 0.225323 51.264 0.617091
1998.06 0.246875 0.239037 0.227198 182.376 0.602608
1998.08 0.245833 0.240195 0.231287 74.448 0.581998
1998.1 0.245313 0.243477 0.234313 42.456 0.584672
1998.12 0.259375 0.250625 0.239115 168.408 0.502539
1998.14 0.263542 0.252539 0.241667 54.072 0.481061
1998.16 0.320833 0.263919 0.247438 494.136 0.566959
1998.18 0.319792 0.278503 0.256198 117.744 0.579835
1998.19 0.327865 0.298512 0.266467 130.464 0.603449
1998.21 0.35 0.319619 0.276468 128.256 0.621543
1998.23 0.354167 0.334645 0.288561 152.928 0.522459
1998.25 0.3875 0.350563 0.301121 233.88 0.516289
1998.27 0.396875 0.357598 0.311725 320.688 0.518041
1998.29 0.395313 0.373041 0.326522 140.712 0.512
1998.31 0.353646 0.378027 0.337934 335.712 0.645267
1998.33 0.39375 0.381888 0.350382 186.144 0.806443
1998.35 0.384896 0.384225 0.361306 95.856 0.738305
1998.37 0.373438 0.378249 0.367879 92.568 0.773457
1998.39 0.358333 0.378535 0.37124 117.24 0.686592
1998.41 0.367188 0.373731 0.37288 172.824 0.496689
1998.42 0.36875 0.367253 0.374214 68.544 0.514165
1998.44 0.508333 0.387083 0.384294 433.116 0.777695
1998.46 0.631771 0.446914 0.407737 733.572 0.947685
1998.48 0.785417 0.552292 0.445487 622.992 1.00298
1998.5 1.03333 0.662292 0.487471 1045.6 0.99263
1998.52 0.829167 0.793698 0.546451 499.644 1.3312
1998.54 0.998438 0.884037 0.60237 356.52 1.22652
1998.56 1.03542 0.970156 0.673734 579.48 1.24915
1998.58 0.923958 0.989349 0.732537 268.812 1.18593
1998.6 0.966667 0.979375 0.788406 468.66 0.886979
1998.62 1.02292 1.00352 0.856667 388.2 0.841463
1998.64 1.08073 0.995391 0.919594 302.724 0.684742
1998.65 0.882422 1.01271 0.964096 780.72 0.731923
1998.67 0.71875 0.960169 0.959922 356.244 1.13148
1998.69 0.633854 0.888893 0.947516 472.248 1.15049
1998.71 0.664063 0.788425 0.912453 334.848 1.29508
1998.73 0.910417 0.725039 0.902818 731.976 1.51142
1998.75 0.91875 0.770833 0.886526 689.916 1.18179
1998.77 0.759896 0.797975 0.868779 414.54 1.28372
1998.79 0.828646 0.834095 0.857091 428.1 1.11953
1998.81 0.967708 0.860397 0.84606 272.496 0.901465
1998.83 1.05365 0.883106 0.842518 423.648 0.849078
1998.85 1.03802 0.948151 0.842122 377.88 0.51186
1998.87 1.06458 1.01875 0.875565 178.812 0.555077
1998.88 1.50521 1.11013 0.934555 1338.25 1.01641
1998.9 1.80521 1.26768 1.02643 191.736 1.1526
1998.92 1.57083 1.40818 1.11283 445.152 1.31728
1998.94 1.85833 1.5776 1.19536 509.352 1.30673
1998.96 2.38906 1.82664 1.33111 459.036 1.27744
1998.98 2.70677 2.02143 1.48473 108.276 1.04035
1999 2.67708 2.23357 1.63769 365.964 0.929471
1999.02 4.00625 2.69628 1.89123 1333.24 1.01086
1999.04 3.50937 3.16836 2.17391 402.652 1.21526
1999.06 3.075 3.26872 2.32985 875.316 1.52176
1999.08 2.92344 3.32014 2.51908 327.92 1.56019
1999.1 2.89688 3.24387 2.66789 171.32 1.45763
1999.11 2.6125 2.90223 2.75454 155.308 1.3647
1999.13 2.54688 2.75762 2.8182 538.364 1.25819
1999.15 3.20312 2.74109 2.9313 507.308 1.17853
1999.17 3.0375 2.78188 3.00536 243.524 1.08936
1999.19 3.33281 2.93828 3.05801 186.652 0.950423
1999.21 3.37656 3.17484 3.09914 214.504 0.779688
1999.23 3.47656 3.26016 3.01858 498.44 0.831597
1999.25 4.275 3.45961 3.08173 231.464 0.829598
1999.27 4.57188 3.78641 3.24422 136.78 0.866595
1999.29 4.75 4.05211 3.39241 633.204 0.967344
1999.31 5.25312 4.37758 3.57738 634.336 1.11042
1999.33 4.30156 4.56547 3.80281 355.528 1.20102
1999.34 3.40937 4.32438 3.88016 333.08 1.25662
1999.36 3.30938 4.0975 3.92041 225.336 1.18554
1999.38 3.21406 3.79602 3.93219 160.112 0.870225
1999.4 2.96875 3.34156 3.88609 193.604 0.889622
1999.42 2.71094 3.15859 3.84675 389.836 0.898351
1999.44 2.64531 2.97625 3.74638 277.732 0.956099
1999.46 2.78281 2.79055 3.561 159.44 1.17395
1999.48 2.75469 2.77734 3.41181 195.036 1.15225
1999.5 3.10156 2.8375 3.26584 144.168 1.05984
1999.52 3.1375 2.88844 3.10731 111.636 1.02103
1999.54 3.44062 3.05938 3.04478 205.948 0.736068
1999.56 2.86406 3.07805 2.98813 601.612 0.9707
1999.57 2.50156 2.99039 2.90619 241.14 0.97743
1999.59 2.23906 2.79094 2.83356 424.376 1.0925
1999.61 2.43594 2.54211 2.78372 215.696 1.05478
1999.63 2.83594 2.46914 2.77019 285.624 0.948142
1999.65 3.2125 2.61172 2.82491 258.456 0.93328
1999.67 3.12188 2.79117 2.83691 328.718 0.809306
1999.69 3.325 2.97844 2.86038 248.418 0.778676
1999.71 3.19062 3.13297 2.87403 144.79 0.686095
1999.73 3.25 3.16195 2.8705 219.45 0.613947
1999.75 3.8625 3.31375 2.92603 208.606 0.912426
1999.77 4.4625 3.55766 3.07613 229.174 0.913054
1999.79 3.75312 3.76758 3.24672 243.738 0.963329
1999.8 3.93125 3.94836 3.41291 146.096 0.927847
1999.82 3.53125 3.98633 3.53234 193.776 0.646784
1999.84 3.24688 3.77352 3.55506 221.828 0.577139
1999.86 3.74688 3.67563 3.61816 206.392 0.931746
1999.88 3.89688 3.66125 3.68603 115.212 0.948004
1999.9 4.65625 3.74047 3.76853 229.92 0.905446
1999.92 4.32812 3.99313 3.88759 223.024 0.922088
1999.94 5.33437 4.27797 4.00616 298.58 0.768781
1999.96 4.70312 4.53234 4.08722 119.118 0.809243
1999.98 4.5 4.67516 4.12928 258.292 0.85082
2000 3.80625 4.57375 4.14556 145.414 0.876829
2000.02 3.47812 4.38281 4.12244 210.108 1.0984
2000.04 3.2125 3.96656 4.10912 137.072 1.08888
2000.05 3.10312 3.63938 4.09006 229.238 1.0853
2000.07 3.08438 3.43141 4.0505 275.558 1.16481
2000.09 3.92813 3.385 4.02006 220.46 1.06771
2000.11 3.80938 3.52438 3.96994 166.18 1.12045
2000.13 3.2375 3.60109 3.88462 174.528 1.1376
2000.15 3.45625 3.60219 3.74775 97.41 1.08604
2000.17 3.125 3.54781 3.591 121.19 0.774715
2000.19 3.34375 3.38187 3.48312 74.27 0.680481
2000.21 3.24063 3.28594 3.41262 105.97 0.689874
2000.23 3.63437 3.31422 3.42563 194.92 0.747376
2000.25 3.35 3.35781 3.44275 102.31 0.707905
2000.27 3.37812 3.34469 3.43106 121.046 0.706779
2000.28 2.34375 3.22531 3.36175 401.49 0.985706
2000.3 2.61875 3.0575 3.25263 98.506 1.05172
2000.32 2.75937 2.84531 3.14512 136.676 1.04515
2000.34 2.925 2.75234 3.09269 81.242 1.1247
2000.36 2.6875 2.69113 3.0347 79.392 0.854317
2000.38 2.63125 2.76473 2.99645 92.218 0.793471
2000.4 2.325 2.70301 2.90777 72.42 0.862208
2000.42 2.89375 2.6602 2.84383 166.45 1.04651
2000.44 2.60938 2.61516 2.75489 38.446 1.05023
2000.46 2.3 2.4925 2.66789 61.418 0.99654
2000.48 1.69375 2.41281 2.56633 1036.76 1.19595
2000.5 1.81563 2.23062 2.49777 129.038 0.966886
2000.51 1.80625 2.07297 2.43533 77.412 0.933174
2000.53 2.13125 1.91922 2.33795 448.722 1.20479
2000.55 2.05625 1.86844 2.264 94.258 1.16992
2000.57 1.5 1.85469 2.15306 248.94 0.999085
2000.59 1.625 1.78766 2.05313 97.422 1.01472
2000.61 1.68437 1.73984 1.97262 182.324 0.782394
2000.63 1.95 1.69766 1.89431 147.422 0.847803
2000.65 1.99687 1.74344 1.84406 54.172 0.621138
2000.67 2.075 1.86719 1.82325 66.942 0.696213
2000.69 2.14688 1.99203 1.85906 101.778 0.721306
2000.71 2.18125 2.07453 1.89206 123.604 0.636911
2000.73 2.07187 2.10297 1.92025 119.924 0.727462
2000.74 1.92188 2.08625 1.91 130.342 0.720745
2000.76 1.57812 1.96766 1.89712 177.422 0.701871
2000.78 1.42188 1.78234 1.88631 152.668 0.927543
2000.8 1.54062 1.60078 1.85569 232.438 1.30698
2000.82 1.78125 1.51953 1.83662 247.414 1.42961
2000.84 1.87813 1.54984 1.82962 119.248 1.47363
2000.86 1.50313 1.61687 1.79519 105.112 1.38724
2000.88 1.37187 1.64578 1.71719 99.92 1.04199
2000.9 1.44687 1.58547 1.649 152.786 1.03065
2000.92 1.23125 1.45305 1.57353 155.148 0.99532
2000.94 1.17188 1.31352 1.49447 259.396 1.12499
2000.96 1.14375 1.25445 1.43603 174.274 1.1551
2000.97 0.778125 1.1393 1.37659 187.74 1.14748
2000.99 0.778125 1.04453 1.34353 196.994 1.15967
2001.01 0.728125 0.947813 1.28691 175.976 1.52616
2001.03 0.884375 0.854688 1.19553 168.684 1.46733
2001.05 0.996875 0.835156 1.12016 123.55 1.37159
2001.07 0.975 0.876602 1.05805 101.892 1.47394
2001.09 0.71875 0.894414 1.00555 242.022 1.14607
2001.11 0.66875 0.878477 0.947141 149.08 1.1551
2001.13 0.684375 0.821758 0.889828 129.812 1.18088
2001.15 0.590625 0.746406 0.844266 102.998 0.926982
2001.16 0.5 0.651875 0.783516 150.912 0.963624
2001.18 0.6125 0.618594 0.761578 177.134 1.24073
2001.2 0.55 0.5775 0.734453 139.684 1.26116
2001.22 0.509375 0.550625 0.707703 75.088 1.22178
2001.24 0.5115 0.548869 0.670688 71.168 1.21581
2001.26 0.4185 0.5062 0.616043 105.622 0.978053
2001.28 0.7335 0.526338 0.591347 230.6 1.45973
2001.3 0.789 0.589194 0.592552 170.442 1.5049
2001.32 0.7635 0.65195 0.600785 88.92 1.43469
2001.34 0.878 0.748475 0.620313 131.69 1.29641
2001.36 0.734 0.793125 0.641598 69.738 0.742584
2001.38 0.736 0.776675 0.65366 101.436 0.688334
2001.39 0.8545 0.785175 0.680355 138.574 0.811556
2001.41 0.8475 0.78515 0.705125 129.372 0.872047
2001.43 0.785 0.78735 0.73254 50.166 0.793982
2001.45 0.6245 0.7847 0.75558 153.432 0.772872
2001.47 0.62 0.73845 0.76278 126.334 0.751719
2001.49 0.7075 0.70095 0.75542 89.78 0.709914
2001.51 0.7635 0.685275 0.75087 181.824 0.775414
2001.53 0.849 0.704325 0.75062 136.966 0.739982
2001.55 0.849 0.755575 0.74999 74.714 0.602742
2001.57 0.6125 0.748875 0.74387 181.518 1.21811
2001.59 0.6075 0.7202 0.72802 61.698 1.17478
2001.61 0.4975 0.657175 0.69963 183.746 1.11484
2001.62 0.4995 0.579025 0.66774 107.212 1.10674
2001.64 0.5115 0.54445 0.64548 75.598 0.582754
2001.66 0.447 0.50705 0.63111 72.832 0.653433
2001.68 0.4255 0.476625 0.61151 142.442 0.806915
2001.7 0.4315 0.473325 0.60578 116.672 0.797099
2001.72 0.374 0.439625 0.56948 257.322 0.901185
2001.74 0.2985 0.396425 0.52232 139.344 0.858761
2001.76 0.36 0.36185 0.47362 118.018 0.96639
2001.78 0.4035 0.35105 0.44665 72.592 0.905087
2001.8 0.4005 0.368025 0.42861 140.146 0.932814
2001.82 0.378 0.388575 0.41488 122.142 1.22212
2001.84 0.3355 0.391125 0.39846 73.942 1.27968
2001.85 0.356 0.387 0.38367 88.008 1.27017
2001.87 0.4475 0.381975 0.37858 261.24 1.50055
2001.89 0.454 0.386825 0.38135 81.456 1.20912
2001.91 0.566 0.4438 0.4009 177.776 1.5081
2001.93 0.5855 0.5009 0.42431 141.76 1.56446
2001.95 0.55 0.545125 0.45014 200.492 1.33285
2001.97 0.5 0.5649 0.46633 278.898 1.3245
2001.99 0.545 0.5549 0.47333 205.158 0.873718
2002.01 0.6125 0.555975 0.48446 253.746 0.751227
2002.03 0.5515 0.551425 0.50581 85.536 0.74253
2002.05 0.508 0.539325 0.52056 229.87 0.901373
2002.07 0.722 0.570425 0.54551 605.53 1.15558
2002.08 0.6865 0.611325 0.57308 156.028 1.19519
2002.1 0.626 0.611425 0.58196 121.712 1.31594
2002.12 0.6705 0.652625 0.59226 145.308 1.19907
2002.14 0.6535 0.660275 0.59734 157.308 0.839693
2002.16 0.7695 0.659375 0.61238 196.784 0.8253
2002.18 0.8175 0.7106 0.64158 188.696 0.706517
2002.2 0.7015 0.73905 0.66447 246.414 0.690482
2002.22 0.7765 0.76195 0.67947 103.7 0.723267
2002.24 0.715 0.766 0.69512 62.45 0.731663
2002.26 0.675 0.740925 0.71078 90 0.608778
2002.28 0.6655 0.70965 0.70579 107.582 0.566304
2002.3 0.7265 0.705 0.71409 74.552 0.552997
2002.31 0.8455 0.7181 0.72973 162.714 0.805264
2002.33 0.8025 0.748025 0.74494 103.22 0.79622
2002.35 0.847 0.790875 0.75959 151.456 0.792674
2002.37 0.958 0.8492 0.77464 128.938 0.823191
2002.39 0.9735 0.891525 0.79087 85.006 0.569331
2002.41 0.9115 0.91375 0.80724 101.628 0.553158
2002.43 0.929 0.9321 0.82339 107.16 0.49272
2002.45 0.841 0.914975 0.8386 159.464 0.382797
2002.47 0.8765 0.902625 0.8619 103.536 0.509172
2002.49 0.8125 0.86955 0.87242 124.758 0.702218
2002.51 0.7605 0.83015 0.86906 67.338 1.01745
2002.53 0.7715 0.802525 0.86245 140 1.01899
2002.54 0.7645 0.77595 0.85976 122.116 0.957974
2002.56 0.6465 0.74465 0.83859 111.134 0.967336
2002.58 0.692 0.742075 0.81447 83.572 0.749755
2002.6 0.713 0.7218 0.78758 95.558 0.796316
2002.62 0.745 0.703275 0.76908 73.042 0.807463
2002.64 0.7585 0.72375 0.75931 100.776 0.65772
2002.66 0.747 0.730125 0.74355 68.794 0.557032
2002.68 0.7655 0.742325 0.73631 99.906 0.522632
2002.7 0.8305 0.77465 0.74719 73.098 0.553532
2002.72 0.793 0.793075 0.75579 252.112 0.615575
2002.74 0.8505 0.811925 0.75829 140.674 0.65109
2002.76 0.8275 0.835075 0.76955 152.988 0.663531
2002.77 0.923 0.84195 0.78577 192.57 0.635851
2002.79 0.952 0.868325 0.81323 131.366 0.566962
2002.81 0.965 0.907525 0.8396 318 0.496556
2002.83 0.99 0.93805 0.85751 110.988 0.400424
2002.85 0.9755 0.959575 0.87865 140.642 0.412536
2002.87 1.1105 0.977675 0.90737 245.168 0.437092
2002.89 1.1995 1.0188 0.93726 233.732 0.527896
2002.91 1.1675 1.0675 0.96334 51.546 0.545389
2002.93 1.1305 1.11917 0.99905 187.87 0.527774
2002.95 1.109 1.14467 1.02555 77.184 0.503902
2002.97 1.0965 1.14085 1.05129 98.706 0.351653
2002.99 0.943 1.10975 1.05848 439.456 0.449204
2003.01 1.026 1.06885 1.06029 175.14 0.504391
2003.02 1.066 1.0568 1.07026 151.586 0.50862
2003.04 1.07 1.05355 1.08477 115.724 0.543425
2003.06 1.1055 1.04958 1.09395 433.636 0.54831
2003.08 1.0925 1.08028 1.09703 125.25 0.36189
2003.1 1.072 1.09195 1.09111 138.858 0.297352
2003.12 1.003 1.0751 1.07586 132.506 0.30814
2003.14 1.089 1.0758 1.07132 144.156 0.377349
2003.16 1.1005 1.0746 1.06927 93.742 0.366341
2003.18 1.1485 1.0792 1.07101 116.968 0.375593
2003.2 1.2355 1.11255 1.08998 178.156 0.295316
2003.22 1.3965 1.18622 1.12187 213.154 0.320699
2003.24 1.359 1.2535 1.14789 128.74 0.433821
2003.25 1.311 1.30015 1.17147 121.456 0.493035
2003.27 1.2875 1.32933 1.19188 137.98 0.524933
2003.29 1.2495 1.3099 1.2032 135.798 0.464509
2003.31 1.4485 1.2943 1.22671 799.448 0.646811
2003.33 1.4715 1.3268 1.26743 197.688 0.610829
2003.35 1.548 1.38345 1.31168 119.634 0.561728
2003.37 1.6525 1.47752 1.36341 152.882 0.536018
2003.39 1.636 1.55293 1.40751 141.264 0.321759
2003.41 1.7945 1.61743 1.44408 203.806 0.370298
2003.43 1.6675 1.6761 1.4827 227.618 0.440614
2003.45 1.7065 1.70332 1.52153 120.236 0.434303
2003.47 1.752 1.7464 1.56833 140.25 0.414224
2003.48 1.815 1.7602 1.62174 135.13 0.370297
2003.5 1.896 1.7797 1.66983 76.92 0.37818
2003.52 1.8825 1.84223 1.72501 231.198 0.394954
2003.54 1.749 1.86603 1.76206 268.058 0.429872
2003.56 2.08 1.90375 1.79662 212.952 0.653129
2003.58 2.0015 1.95415 1.84195 176.104 0.6775
2003.6 1.9575 1.9528 1.86639 96.218 0.627975
2003.62 2.005 1.98457 1.88835 49.73 0.566177
2003.64 2.261 2.0547 1.93867 209.466 0.383337
2003.66 2.316 2.115 1.99143 123.168 0.321309
2003.68 2.326 2.19265 2.03735 162.058 0.334044
2003.7 2.284 2.27418 2.08396 135.002 0.357756
2003.71 2.379 2.31725 2.12111 124.99 0.257329
2003.73 2.428 2.36052 2.17789 268.77 0.356198
2003.75 2.6445 2.40238 2.24168 283.512 0.399466
2003.77 2.903 2.52645 2.31499 228.708 0.386161
2003.79 2.9845 2.6839 2.41505 238.658 0.394081
2003.81 2.7255 2.77307 2.49841 208.764 0.482277
2003.83 2.7215 2.84335 2.56076 154.534 0.448434
2003.85 2.7155 2.84075 2.61158 170.008 0.452541
2003.87 2.6225 2.76382 2.64352 167.306 0.492601
2003.89 2.429 2.67387 2.65829 183.868 0.420345
2003.91 2.6985 2.64053 2.68322 79.66 0.467043
2003.93 2.578 2.59975 2.70152 150.03 0.452338
2003.94 2.5495 2.55965 2.70687 123.812 0.433685
2003.96 2.462 2.54913 2.67684 160.918 0.391083
2003.98 2.6735 2.55868 2.65118 141.568 0.380085
2004 2.595 2.55057 2.62346 132.798 0.334719
2004.02 2.5795 2.5682 2.60908 255.584 0.362557
2004.04 2.786 2.6339 2.60409 182.284 0.327377
2004.06 2.8555 2.70075 2.61317 120.78 0.285625
2004.08 2.52 2.69735 2.61355 228.09 0.445254
2004.1 2.3175 2.62398 2.59775 130.162 0.510208
2004.12 2.319 2.52548 2.5618 108.634 0.46906
2004.14 2.2585 2.41175 2.53607 149.506 0.456174
2004.16 2.1505 2.27382 2.50122 143.272 0.399826
2004.18 2.2045 2.2278 2.47289 128.53 0.307037
2004.19 2.122 2.1765 2.4188 124.476 0.314133
2004.21 2.14 2.13955 2.3679 115.098 0.343534
2004.23 2.085 2.11082 2.30681 114.808 0.401219
2004.25 2.3045 2.12093 2.24559 162.962 0.420716
2004.27 2.405 2.1667 2.2111 177.594 0.429198
2004.29 2.275 2.2226 2.2067 167.87 0.432423
2004.31 2.3145 2.2918 2.2089 291.988 0.4908
2004.33 2.18 2.33113 2.21242 196.826 0.525934
2004.35 2.095 2.29168 2.21203 185.852 0.490295
2004.37 2.1525 2.24123 2.21012 102.532 0.499453
2004.39 2.0585 2.17805 2.2049 105.458 0.341276
2004.41 2.425 2.16317 2.2195 212.582 0.389015
2004.42 2.5475 2.2261 2.25692 251.712 0.39879
2004.44 2.497 2.3136 2.29055 144.18 0.387932
2004.46 2.48 2.4058 2.31234 88.334 0.379605
2004.48 2.59 2.50658 2.32946 139.962 0.362252
2004.5 2.6295 2.55795 2.36559 97.248 0.307307
2004.52 2.416 2.54588 2.37525 160.67 0.306633
2004.54 2.355 2.53158 2.39405 185.738 0.322885
2004.56 1.999 2.465 2.40436 718.544 0.586263
2004.58 1.946 2.28375 2.38397 120.63 0.564822
2004.6 1.7745 2.11245 2.35901 230.262 0.565718
2004.62 1.8065 1.95615 2.29902 99.622 0.591639
2004.64 1.9755 1.88143 2.23841 135.816 0.39227
2004.65 1.995 1.89525 2.18766 84.808 0.373714
2004.67 1.937 1.91645 2.13007 104.578 0.365609
2004.69 1.9285 1.93617 2.06993 92.69 0.324618
2004.71 2.148 1.98647 2.02346 157.684 0.357531
2004.73 2.047 2.017 1.98903 124.114 0.386088
2004.75 2.0235 2.0364 1.95987 225.378 0.381797
2004.77 2 2.06785 1.96993 170.924 0.391752
2004.79 1.9275 2.0368 1.98037 164.112 0.283044
2004.81 1.73 1.98508 1.98963 670.886 0.535784
2004.83 1.7065 1.90777 1.96994 129.832 0.51657
2004.85 1.828 1.8484 1.95217 147.982 0.549681
2004.87 2.023 1.83365 1.9505 231.92 0.577471
2004.88 1.9275 1.85805 1.95838 228.55 0.333404
2004.9 1.9545 1.90235 1.94512 46.754 0.326887
2004.92 2.0045 1.95375 1.93125 164.954 0.288002
2004.94 1.9525 1.97145 1.92453 110.214 0.326751
2004.96 2.0005 1.97055 1.92091 109.72 0.305593
2004.98 1.9465 1.97838 1.91735 64.136 0.273818
2005 2.2145 2.03612 1.94471 95.814 0.440273
2005.02 2.116 2.07482 1.98041 196.732 0.474255
2005.04 2.2275 2.10623 2.0175 250.66 0.478846
2005.05 2.058 2.1417 2.04137 212.054 0.506079
2005.07 2.111 2.12067 2.05022 123.048 0.371938
2005.09 1.786 2.08387 2.05409 346.094 0.652488
2005.11 1.789 2.00573 2.03709 156.834 0.636987
2005.13 1.7655 1.91128 2.01925 90.594 0.597208
2005.15 1.7495 1.8452 1.99865 117.646 0.586902
2005.17 1.7925 1.77525 1.97682 110.914 0.154479
2005.19 1.7375 1.76982 1.94388 160.206 0.1647
2005.21 1.708 1.74853 1.89697 105.894 0.164704
2005.23 1.644 1.73357 1.863 106.746 0.145416
2005.25 1.7005 1.71535 1.81443 100.368 0.180246
2005.27 1.73 1.70607 1.78285 60.26 0.198466
2005.28 1.651 1.70395 1.74126 119.7 0.219822
2005.3 1.652 1.70085 1.72771 127.84 0.230255
2005.32 1.618 1.6844 1.71116 210.47 0.265258
2005.34 1.726 1.66978 1.70536 134.27 0.271998
2005.36 1.695 1.66958 1.69909 79.836 0.253765
2005.38 1.775 1.6943 1.69647 100.856 0.243898
2005.4 1.775 1.73075 1.70252 65.742 0.164378
2005.42 1.7795 1.7552 1.71237 96.718 0.186284
2005.44 1.7475 1.7678 1.72018 69.35 0.187649
2005.46 1.7655 1.77268 1.72221 96.522 0.170242
2005.48 1.751 1.77097 1.72685 73.51 0.17902
2005.5 1.6455 1.7411 1.72863 58.654 0.154548
2005.51 1.737 1.73032 1.73447 85.14 0.210709
2005.53 1.8575 1.748 1.75207 104.18 0.242011
2005.55 1.8975 1.779 1.77033 117.422 0.249131
2005.57 2.2575 1.88025 1.80815 209.836 0.545225
2005.59 2.2635 2.02658 1.85887 99.03 0.557982
2005.61 2.21 2.1341 1.90526 129.482 0.581522
2005.63 2.186 2.21272 1.9494 66.478 0.587638
2005.65 2.1185 2.2229 1.98796 57.214 0.233365
2005.67 2.0755 2.18053 2.02226 80.542 0.201713
2005.69 2.1475 2.15977 2.05894 65.774 0.263079
2005.71 2.14 2.14898 2.10788 82.234 0.280873
2005.73 2.1095 2.13535 2.13768 62.908 0.290526
2005.74 2.265 2.15477 2.16901 121.12 0.313111
2005.76 2.186 2.17575 2.1892 67.85 0.280043
2005.78 2.1895 2.17345 2.17716 91.552 0.26325
2005.8 2.2975 2.21432 2.17682 92.496 0.2857
2005.82 1.9475 2.19157 2.16632 123.184 0.597206
2005.84 2.0545 2.14275 2.15436 88.908 0.610203
2005.86 2.134 2.12645 2.15177 79.644 0.608658
2005.88 2.399 2.12773 2.164 1186.66 0.625823
2005.9 2.403 2.1808 2.1829 53.916 0.245004
2005.92 2.453 2.28563 2.21557 129.032 0.238874
2005.94 2.437 2.37563 2.24273 94.18 0.232799
2005.96 2.4605 2.43805 2.26466 112.53 0.150873
2005.97 2.461 2.44505 2.29253 64.13 0.130534
2005.99 2.3575 2.43855 2.30497 108.022 0.148511
2006.01 2.3935 2.42448 2.31126 123.058 0.152919
2006.03 2.22 2.37785 2.33969 88.644 0.184591
2006.05 2.196 2.33157 2.35159 166.148 0.187671
2006.07 2.261 2.27463 2.3621 83.48 0.205395
2006.09 1.9165 2.21765 2.34447 670.626 0.424092
2006.11 1.926 2.1183 2.29257 100.236 0.431001
2006.13 1.9595 2.04985 2.24167 91.636 0.448365
2006.15 1.9175 1.99293 2.19994 74.4 0.448234
2006.17 1.8605 1.90528 2.14063 120.898 0.43846
2006.19 1.811 1.88773 2.07946 99.454 0.212478
2006.21 1.7995 1.862 2.02418 137.724 0.190641
2006.22 1.7735 1.82913 1.9703 73.64 0.152964
2006.24 1.8265 1.81362 1.92923 53.18 0.169044
2006.26 1.8545 1.8209 1.89513 114.09 0.249357
2006.28 1.831 1.81755 1.86157 74.304 0.254925
2006.3 1.8015 1.82003 1.84767 88.47 0.305104
2006.32 1.7605 1.81672 1.83387 69.85 0.297555
2006.34 1.752 1.7846 1.81306 114.818 0.274718
2006.36 1.6365 1.7532 1.79521 97.472 0.256161
2006.38 1.697 1.71043 1.77498 196.344 0.292759
2006.4 1.8035 1.70392 1.76748 90.486 0.362742
2006.42 1.738 1.70813 1.76242 108.858 0.38388
2006.44 1.689 1.69748 1.75201 104.652 0.391961
2006.45 1.7545 1.71825 1.73936 102.702 0.363686
2006.47 1.8275 1.73518 1.73508 78.468 0.290502
2006.49 1.934 1.76517 1.74083 103.824 0.288562
2006.51 1.8055 1.8012 1.7463 100.082 0.305397
2006.53 1.646 1.8093 1.74515 161.896 0.322398
2006.55 1.6595 1.78517 1.74096 142.732 0.338976
2006.57 1.3585 1.69235 1.72544 248.44 0.916195
2006.59 1.3645 1.55727 1.68839 205.048 0.929177
2006.61 1.3035 1.45522 1.64428 102.318 0.92897
2006.63 1.456 1.38385 1.61576 119.972 0.954143
2006.65 1.4015 1.36572 1.58691 70.852 0.326194
2006.67 1.588 1.41175 1.55994 131.264 0.346041
2006.68 1.5255 1.45532 1.53671 104.544 0.409216
2006.7 1.626 1.50768 1.50534 205.474 0.37179
2006.72 1.542 1.54545 1.48626 144.98 0.431582
2006.74 1.606 1.577 1.4781 104.544 0.419979
2006.76 1.6295 1.59252 1.48543 84.384 0.40267
2006.78 1.666 1.6111 1.51805 81.346 0.40401
2006.8 1.6285 1.62522 1.54741 116.788 0.323813
2006.82 1.912 1.6756 1.59073 199.068 0.49649
2006.84 1.873 1.74428 1.63771 102.482 0.449149
2006.86 1.963 1.8162 1.6843 89.902 0.439038
2006.88 2.1275 1.9337 1.73876 130.604 0.434258
2006.9 2.1205 2.00335 1.78328 44.826 0.223042
2006.91 1.9705 2.035 1.82691 166.122 0.281584
2006.93 1.923 2.03702 1.86117 102.794 0.269714
2006.95 2.0005 2.00823 1.89508 163.07 0.218082
2006.97 2.012 1.97302 1.92885 111.702 0.231515
2006.99 1.973 1.96557 1.95791 83.94 0.208399
2007.01 1.9185 1.96178 1.97589 132.394 0.208051
2007.03 1.91 1.95027 1.97792 89.328 0.232233
2007.05 1.851 1.93465 1.9779 121.918 0.226476
2007.07 1.8425 1.89768 1.96792 82.786 0.23245
2007.09 1.8695 1.87437 1.94667 517.014 0.280117
2007.11 1.936 1.88445 1.9277 119.202 0.286393
2007.13 2.0165 1.90933 1.92599 93.58 0.255632
2007.15 2.039 1.9514 1.93608 109.948 0.258624
2007.16 1.8845 1.97063 1.93679 155.756 0.320833
2007.18 1.942 1.9707 1.9289 124.002 0.320314
2007.2 1.8925 1.95385 1.92078 137.31 0.319001
2007.22 1.949 1.9299 1.92638 58.83 0.329936
2007.24 1.9895 1.93472 1.93458 119.938 0.249646
2007.26 2.084 1.96655 1.95174 65.768 0.203307
2007.28 2.1205 2.01293 1.97554 72.2 0.160981
2007.3 2.2475 2.08962 2.00989 119.61 0.248893
2007.32 3.13 2.27762 2.08548 1014.67 0.905488
2007.34 3.1615 2.54102 2.19129 285.986 0.921222
2007.36 3.078 2.78627 2.30079 158.382 0.953918
2007.38 3.165 3.00157 2.42198 195.984 0.951611
2007.39 3.4275 3.1825 2.57473 199.744 0.411855
2007.41 3.429 3.25868 2.69726 140.29 0.401204
2007.43 3.662 3.38865 2.86271 204.09 0.381372
2007.45 3.62 3.50675 3.01644 196.664 0.371554
2007.47 3.443 3.53285 3.15656 167.652 0.294677
2007.49 3.4205 3.5224 3.27583 106.332 0.294931
2007.51 3.4485 3.4933 3.36131 92.306 0.225108
2007.53 3.755 3.50245 3.41235 250.04 0.294531
2007.55 3.5815 3.53488 3.46721 182.614 0.292957
2007.57 4.202 3.66785 3.55445 278.852 0.843233
2007.59 3.84 3.79258 3.61786 159.75 0.892215
2007.61 3.739 3.85217 3.65614 181.352 0.889902
2007.62 3.751 3.859 3.66767 144.812 0.893285
2007.64 3.9625 3.83905 3.6976 113.314 0.411221
2007.66 3.9955 3.83267 3.7373 123.148 0.363978
2007.68 4.226 3.90055 3.80134 164.624 0.332451
2007.7 4.3885 4.05975 3.8882 79.094 0.332217
2007.72 4.565 4.21625 3.97897 130.49 0.303347
2007.74 4.6575 4.4017 4.07575 96.274 0.235425
2007.76 4.6715 4.51877 4.15686 110.47 0.185494
2007.78 4.6185 4.60775 4.2221 167.198 0.295535
2007.8 4.488 4.61928 4.28549 182.524 0.293383
2007.82 4.5 4.60182 4.37627 176.524 0.662083
2007.84 4.299 4.54482 4.43438 204.61 0.668198
2007.85 3.9445 4.42885 4.46368 232.404 0.672124
2007.87 3.93 4.28285 4.43841 142.282 0.691739
2007.89 4.0715 4.16213 4.41499 55.618 0.380526
2007.91 4.528 4.14152 4.40981 137.632 0.4589
2007.93 4.7155 4.2385 4.41266 78.696 0.421743
2007.95 4.454 4.39955 4.40555 120.046 0.363071
2007.97 4.563 4.50915 4.38015 132.098 0.41364
2007.99 4.7225 4.5747 4.38973 151.758 0.332565
2008.01 4.4395 4.58425 4.3909 205.4 0.420924
2008.03 4.054 4.49348 4.37288 212.486 0.438331
2008.05 3.988 4.39473 4.3418 267.286 0.386503
2008.07 3.88 4.24978 4.32301 200.552 0.457887
2008.08 3.7315 4.00855 4.30532 327.22 0.47736
2008.1 3.675 3.81848 4.25579 234.008 0.502035
2008.12 3.648 3.74715 4.17659 222.402 0.528444
2008.14 3.604 3.6917 4.08956 246.854 0.506108
2008.16 3.2235 3.61388 3.98911 233.292 0.514334
2008.18 3.2045 3.51267 3.85958 208.762 0.512732
2008.2 3.411 3.40517 3.72281 248.414 0.50818
2008.22 3.6595 3.3877 3.6437 228.214 0.559596
2008.24 3.488 3.412 3.59551 105.582 0.560878
2008.26 3.8435 3.55502 3.58001 143.056 0.543243
2008.28 3.5995 3.6697 3.57617 135.712 0.548349
2008.3 4.005 3.72978 3.58315 335.826 0.528449
2008.31 4.043 3.8144 3.6107 189.13 0.519058
2008.33 3.8655 3.86648 3.64433 163.098 0.456919
2008.35 3.6205 3.85297 3.65858 84.87 0.434856
2008.37 3.823 3.85805 3.71448 124.134 0.3368
2008.39 3.9175 3.85703 3.78386 126.638 0.397149
2008.41 4.081 3.86195 3.82991 105.412 0.395934
2008.43 4.0315 3.94212 3.86798 156.874 0.419172
2008.45 3.9585 3.9917 3.88956 119.49 0.446143
2008.47 4.055 4.0305 3.92182 131.778 0.387924
2008.49 3.733 4.00742 3.94788 236.81 0.421478
2008.51 3.6 3.91753 3.91739 84.964 0.39732
2008.53 3.427 3.82803 3.87481 158.6 0.445014
2008.54 3.456 3.66743 3.83971 165.96 0.491045
2008.56 3.9155 3.5819 3.83524 183.014 0.620547
2008.58 3.7875 3.6305 3.82584 95.49 0.626128
2008.6 4.0255 3.71315 3.81755 183.254 0.597371
2008.62 4.32 3.93835 3.84604 137.432 0.594687
2008.64 4.263 4.06593 3.86798 93.556 0.489431
2008.66 4.0405 4.13112 3.86793 94.574 0.491924
2008.68 3.9595 4.15498 3.8654 161.382 0.483481
2008.7 3.915 4.06542 3.8908 129.602 0.366701
2008.72 4.05 3.98772 3.91514 295.444 0.582118
2008.74 3.535 3.84875 3.92877 134.942 0.652338
2008.76 3.35 3.69835 3.91399 224.562 0.920078
2008.77 2.8125 3.45403 3.82396 360.434 1.01532
2008.79 2.5325 3.1601 3.70589 258.928 1.12256
2008.81 2.448 2.8927 3.52779 392.118 1.12296
2008.83 2.862 2.73372 3.38806 170.692 1.04138
2008.85 2.4605 2.64775 3.23567 148.792 1.0806
2008.87 2.0875 2.5364 3.05846 238.994 0.979088
2008.89 1.8935 2.3724 2.85058 300.854 1.03194
2008.91 2.135 2.25272 2.71782 69.62 1.03046
2008.93 2.413 2.1322 2.57054 292.176 0.98017
2008.95 2.5625 2.1857 2.47865 173.296 0.886831
2008.97 2.578 2.35457 2.42918 219.264 0.787799
2008.99 2.589 2.44862 2.41047 136.946 0.668038
2009 2.718 2.5392 2.41213 145.928 0.598878
2009.02 2.7755 2.62007 2.43753 133.682 0.58513
2009.04 2.5795 2.6219 2.40736 165.164 0.581111
2009.06 2.5315 2.60938 2.41004 115.866 0.623509
2009.08 2.941 2.61585 2.45306 795.662 0.847613
2009.1 3.3275 2.70682 2.57891 240.898 0.852994
2009.12 3.163 2.86377 2.68999 82.618 0.769394
2009.14 3.193 2.98707 2.74762 187.09 0.724348
2009.16 3.2395 3.1598 2.81647 229.766 0.765741
2009.18 3.0845 3.1777 2.87214 301.876 0.540892
2009.19 3.4315 3.19788 2.95063 178.068 0.581838
2009.21 3.498 3.28925 3.02701 169.362 0.613321
2009.23 3.526 3.40637 3.12748 171.376 0.634326
2009.25 3.9085 3.5512 3.24842 116.198 0.564865
2009.27 3.9885 3.66603 3.35961 141.646 0.506896
2009.29 3.9025 3.76067 3.45116 148.52 0.483114
2009.31 4.223 3.85102 3.52764 469.686 0.404167
2009.33 3.948 3.9499 3.61924 122.434 0.377087
2009.35 3.8975 3.98107 3.70291 163.86 0.358997
2009.37 3.68 3.96425 3.76429 160.234 0.360352
2009.39 3.782 3.92128 3.82167 69.694 0.343247
2009.41 3.8995 3.88453 3.85459 101.444 0.357018
2009.42 4.378 3.94663 3.92048 165.27 0.398027
2009.44 4.204 4.06165 3.98769 124.46 0.356054
2009.46 4.148 4.13963 4.01524 108.764 0.322536
2009.48 4.194 4.17815 4.02953 175.506 0.382446
2009.5 3.966 4.14922 4.04358 144.372 0.326994
2009.52 3.8815 4.03308 4.02002 119.522 0.341882
2009.54 4.2925 4.04875 4.03681 101.032 0.399361
2009.56 4.3245 4.16158 4.09524 384.092 0.489869
2009.58 4.288 4.19638 4.14015 117.738 0.477458
2009.6 4.266 4.29762 4.18273 112.56 0.464816
2009.62 4.179 4.30315 4.1877 98.494 0.43757
2009.64 4.25 4.22535 4.16969 122.614 0.265908
2009.65 4.138 4.21122 4.17579 92.414 0.242372
2009.67 3.9435 4.13247 4.17035 93.43 0.237384
2009.69 4.227 4.1149 4.16971 120.138 0.248153
2009.71 4.514 4.17735 4.22003 135.39 0.35843
2009.73 4.526 4.27065 4.26764 85.136 0.386103
2009.75 4.4925 4.41683 4.28007 100.788 0.373667
2009.77 4.7855 4.55202 4.31841 93.88 0.388578
2009.79 4.766 4.648 4.36787 140.768 0.301783
2009.81 5.9245 4.73725 4.43901 1166.12 0.879659
2009.83 5.9405 5.11615 4.6349 266.244 0.896634
2009.85 6.31 5.45775 4.81402 264.52 0.904306
2009.87 6.6485 5.89027 5.06454 147.536 0.88734
2009.88 6.483 6.28468 5.30692 133.052 0.331101
2009.9 6.587 6.38663 5.49008 88.452 0.290349
2009.92 6.879 6.64082 5.72641 296.548 0.294337
2009.94 6.7075 6.70507 5.93672 160.934 0.296086
2009.96 6.424 6.67825 6.12346 192.108 0.302022
2009.98 6.9235 6.71405 6.28581 102.576 0.339417
2010 6.726 6.71737 6.45455 90.46 0.303421
2010.02 6.676 6.68233 6.56684 196.61 0.298089
2010.04 6.357 6.63673 6.60786 307.53 0.292976
2010.06 6.0715 6.5855 6.61872 231.378 0.296016
2010.08 6.2705 6.3889 6.57755 589.426 0.290249
2010.1 5.8695 6.19905 6.51278 220.496 0.348326
2010.11 5.983 6.05987 6.43163 161.47 0.325029
2010.13 5.876 5.9656 6.34586 142.312 0.331668
2010.15 5.92 5.91952 6.2711 114.432 0.275717
2010.17 6.4455 6.00942 6.25773 135.386 0.249851
2010.19 6.591 6.17227 6.22269 123.016 0.259142
2010.21 6.5175 6.34295 6.20821 178.1 0.251825
2010.23 6.753 6.50793 6.21548 131.314 0.295071
2010.25 6.5905 6.5949 6.24688 175.716 0.26685
2010.27 7.003 6.67242 6.31923 120.222 0.311946
2010.29 7.1085 6.8094 6.42533 167.936 0.337214
2010.31 7.1815 6.99423 6.56656 379.504 0.334434
2010.33 6.855 7.07665 6.6822 122.27 0.38352
2010.34 6.249 6.99915 6.74345 238.552 0.400414
2010.36 6.4265 6.85413 6.77618 105.556 0.438303
2010.38 6.136 6.5927 6.74646 159.338 0.425448
2010.4 6.273 6.3803 6.70997 79.096 0.407148
2010.42 6.1385 6.3156 6.69293 109.954 0.410177
2010.44 6.1515 6.19792 6.62067 84.092 0.381635
2010.46 6.2915 6.2011 6.57527 76.72 0.346207
2010.48 6.05 6.16618 6.46939 115.394 0.34341
2010.5 5.457 5.98925 6.29984 89.542 0.407321
2010.52 5.863 5.92675 6.1847 81.302 0.398987
2010.54 5.9245 5.87805 6.11463 124.558 0.427337
2010.56 5.9435 5.8429 6.06173 848.422 0.427399
2010.57 5.8945 5.89235 6.00936 141.55 0.275362
2010.59 6.416 6.04262 6.02296 101.304 0.28222
2010.61 6.2345 6.11503 6.02846 79.532 0.261311
2010.63 6.388 6.22377 6.06363 83.402 0.248859
2010.65 6.332 6.32895 6.06662 101.6 0.272652
2010.67 6.9395 6.40118 6.11126 131.624 0.332786
2010.69 7.122 6.52093 6.21377 100.872 0.313595
2010.71 7.416 6.76063 6.38668 145.192 0.294804
2010.73 8.0365 7.10272 6.54834 211.812 0.29556
2010.75 7.6855 7.4674 6.74114 173.668 0.255318
2010.77 7.7775 7.68118 6.93623 138.368 0.296355
2010.79 8.232 7.8115 7.10529 202.71 0.361422
2010.8 8.4565 7.9304 7.28069 326.368 0.37015
2010.82 8.2615 8.05465 7.48238 99.97 0.361255
2010.84 8.5385 8.18435 7.68714 104.244 0.32926
2010.86 8.284 8.35132 7.89582 143.212 0.283796
2010.88 8.241 8.32388 8.00187 89.296 0.28368
2010.9 8.86 8.37323 8.11051 85.432 0.358326
2010.92 8.784 8.5078 8.23913 98.15 0.354845
2010.94 8.781 8.56993 8.32486 71.31 0.344861
2010.96 8.879 8.75618 8.4226 90.146 0.261787
2010.98 9.1295 8.893 8.53776 67.164 0.185748
2011 9 8.95345 8.64604 69.038 0.1756
2011.02 9.2745 9.06935 8.73348 104.434 0.186996
2011.04 9.4375 9.19425 8.83313 73.256 0.187706
2011.05 8.871 9.21205 8.88867 136.124 0.222451
2011.07 8.557 9.14353 8.94714 398.164 0.389923
2011.09 8.7965 8.99955 8.98613 86.956 0.382338
2011.11 9.4625 8.98987 9.02049 89.758 0.413086
2011.13 9.325 9.02507 9.0775 83.572 0.37753
2011.15 8.862 9.02182 9.09093 83.828 0.359976
2011.17 8.5835 9.01952 9.05091 98.486 0.26215
2011.19 8.4035 8.85027 8.97619 92.198 0.229247
2011.21 8.091 8.54082 8.87609 148.854 0.216914
2011.23 8.549 8.38065 8.78616 85.876 0.253081
2011.25 9.0065 8.44175 8.73545 113.682 0.264042
2011.27 9.2355 8.6452 8.76525 74.528 0.248469
2011.28 9.0005 8.86855 8.81376 85.448 0.241938
2011.3 9.2945 9.027 8.81996 66.962 0.223263
2011.32 9.7905 9.22882 8.83366 132.818 0.327149
2011.34 9.88 9.42455 8.91887 80.278 0.338982
2011.36 10.128 9.68558 9.07184 82.474 0.339005
2011.38 9.9325 9.8729 9.21087 67.62 0.379873
2011.4 9.7065 9.91202 9.3562 47.052 0.273194
2011.42 9.416 9.84787 9.473 99.49 0.277768
2011.44 9.3265 9.65965 9.54503 75.208 0.270254
2011.46 9.3185 9.52585 9.56603 126.444 0.223448
2011.48 9.6275 9.48808 9.60989 72.29 0.257338
2011.5 10.4745 9.6295 9.72879 80.174 0.272149
2011.51 10.914 9.90808 9.84095 74.158 0.265268
2011.53 10.6435 10.2284 9.91099 81.452 0.261289
2011.55 10.826 10.5303 9.98203 71.834 0.265483
2011.57 11.126 10.7598 10.0856 103.354 0.26162
2011.59 10.135 10.6979 10.1536 200.48 0.324708
2011.61 10.115 10.5305 10.1753 112.408 0.461718
2011.63 8.9465 10.2384 10.194 144.884 0.503748
2011.65 9.9635 9.88718 10.2177 106.214 0.604603
2011.67 10.5 9.90733 10.3188 84.64 0.595462
2011.69 10.5695 10.0909 10.3832 91.486 0.512637
2011.71 11.965 10.4493 10.4498 235.06 0.436275
2011.73 11.1805 10.994 10.5376 129.362 0.394158
2011.74 10.8115 11.1889 10.5888 131.006 0.415172
2011.76 11.237 11.2277 10.5884 135.686 0.405434
2011.78 12.3355 11.382 10.7079 118.474 0.38954
2011.8 11.739 11.4632 10.9 91.45 0.393812
2011.82 10.866 11.3752 11.0059 197.608 0.658352
2011.84 10.824 11.3397 11.1461 81.316 0.648574
2011.86 10.8695 11.0595 11.176 103.262 0.629295
2011.88 9.857 10.7202 11.1517 168.75 0.62462
2011.9 9.12 10.4277 11.0193 99.44 0.389866
2011.92 9.8015 10.1556 10.8179 150.524 0.43537
2011.94 9.6515 9.88958 10.6551 103.176 0.445585
2011.96 9.063 9.49483 10.4862 133.282 0.435852
2011.97 8.864 9.3508 10.2142 69.93 0.422868
2011.99 8.655 9.1637 9.94687 85.596 0.30627
2012.01 9.1305 9.00665 9.73048 140.168 0.342833
2012.03 8.921 8.90015 9.57352 95.07 0.295203
2012.05 9.5465 8.98043 9.46261 112.206 0.347646
2012.07 9.7685 9.15232 9.33587 93.18 0.306317
2012.09 9.384 9.28817 9.25059 162.41 0.437264
2012.11 9.277 9.35815 9.22765 115.942 0.423849
2012.13 9.125 9.34538 9.18376 148.362 0.422598
2012.15 8.9565 9.262 9.13627 73.374 0.397507
2012.17 8.965 9.15755 9.13506 73.156 0.293008
2012.19 9.216 9.13658 9.16269 90.212 0.276641
2012.21 9.2525 9.1038 9.20502 98.68 0.203701
2012.22 9.752 9.23795 9.26502 119.68 0.228618
2012.24 10.1255 9.52603 9.36171 88.762 0.250169
2012.26 9.7195 9.65935 9.39598 64.35 0.284277
2012.28 9.423 9.7268 9.38721 68.636 0.297059
2012.3 9.499 9.72433 9.41104 64.872 0.283344
2012.32 11.3425 9.6911 9.46899 442.338 0.575922
2012.34 11.1995 10.0837 9.71046 91.704 0.566265
2012.36 11.384 10.5348 9.93568 83.872 0.546901
2012.38 10.6925 10.9287 10.1272 104.634 0.570078
2012.4 10.6445 11.1362 10.2871 43.428 0.222751
2012.42 10.411 10.9449 10.3776 79.03 0.243291
2012.44 10.924 10.8448 10.4633 57.54 0.265989
2012.45 10.9175 10.7524 10.545 75.704 0.249702
2012.47 11.108 10.834 10.7055 43.75 0.233343
2012.49 11.4175 10.9914 10.882 72.288 0.233625
2012.51 11.2525 11.1082 11.0299 64.064 0.209913
2012.53 10.9195 11.1485 11.0116 44.438 0.237002
2012.55 11.4145 11.1391 10.991 83.4 0.259456
2012.57 11.866 11.1607 10.9886 226.278 0.376647
2012.59 11.7485 11.2306 11.073 56.506 0.367745
2012.61 11.6375 11.4183 11.1797 37.05 0.351294
2012.63 12.0585 11.6205 11.293 61.716 0.330224
2012.65 12.287 11.8365 11.4223 73.976 0.164457
2012.67 12.4135 11.9975 11.5453 66.95 0.147365
2012.68 12.957 12.1616 11.6565 100.59 0.180211
2012.7 13.0635 12.4429 11.8108 73.324 0.179278
2012.72 12.8735 12.6715 12.0042 121.186 0.188206
2012.74 12.716 12.7683 12.177 49.132 0.214284
2012.76 12.9255 12.8299 12.3402 56.13 0.19837
2012.78 12.118 12.7091 12.4121 44.064 0.227952
2012.8 12 12.5185 12.4586 87.906 0.237785
2012.82 11.912 12.2432 12.439 227.35 0.355095
2012.84 11.621 12.0905 12.4155 67.494 0.349848
2012.86 11.3155 11.7996 12.353 61.85 0.338931
2012.88 11.2615 11.5488 12.2392 87.056 0.345607
2012.9 11.994 11.5199 12.1573 35.536 0.351081
2012.91 12.6025 11.7268 12.1009 75.948 0.217109
2012.93 12.6635 11.9761 12.0771 43.406 0.172542
2012.95 12.4595 12.2954 12.0645 50.538 0.17828
2012.97 12.846 12.6055 12.0703 94.092 0.198278
2012.99 12.259 12.6438 12.0953 37.174 0.235451
2013.01 12.9575 12.6863 12.1448 37.484 0.26316
2013.03 13.397 12.8803 12.3215 48.266 0.277851
2013.05 13.606 13.089 12.5084 58.84 0.263524
2013.07 14.1995 13.2642 12.6919 99.362 0.239704
2013.08 13.25 13.463 12.9065 122.3 0.381329
2013.1 13.0975 13.4269 13.019 77.584 0.384141
2013.12 13.2545 13.3463 13.0855 79.598 0.412261
2013.14 13.271 13.3054 13.1446 62.496 0.410719
2013.16 13.287 13.19 13.2004 59.14 0.255621
2013.18 13.7095 13.3306 13.2755 37.596 0.237068
2013.2 13.091 13.4092 13.3732 97.318 0.228053
2013.22 12.8875 13.2845 13.3371 62.492 0.230523
2013.24 13.3245 13.2879 13.3073 49.474 0.232087
2013.26 12.774 13.1289 13.256 51.148 0.223572
2013.28 13.6435 13.0469 13.217 57.326 0.214301
2013.3 13.016 13.1479 13.2246 52.05 0.248496
2013.31 12.7405 13.2101 13.2478 280.6 0.369225
2013.33 12.9025 13.1197 13.1738 70.28 0.389622
2013.35 13.1815 13.0406 13.1575 62.906 0.378963
2013.37 13.495 13.0561 13.1288 50.546 0.358957
2013.39 13.087 13.0368 13.0914 33.926 0.22058
2013.41 13.46 13.1981 13.1269 67.486 0.18675
2013.43 13.8435 13.3333 13.1785 92.652 0.206619
2013.45 13.6995 13.4587 13.2463 43.016 0.229251
2013.47 13.668 13.5928 13.3209 84.02 0.221948
2013.49 13.8845 13.7051 13.3567 63.866 0.221618
2013.51 14.294 13.8755 13.4308 39.708 0.222489
2013.53 15.3775 14.1292 13.6312 90.786 0.190203
2013.54 15.2615 14.4944 13.88 59.462 0.167155
2013.56 15.6005 14.8636 14.0757 176.35 0.187348
2013.58 15.2105 15.1288 14.2617 50.052 0.217507
2013.6 14.863 15.1538 14.4302 39.006 0.180238
2013.62 14.241 14.9584 14.5467 48.45 0.181051
2013.64 14.5005 14.7536 14.6035 39.238 0.151514
2013.66 14.049 14.489 14.6317 30.694 0.147471
2013.68 14.793 14.434 14.7105 45.84 0.190231
2013.7 14.896 14.5109 14.8019 27.012 0.177156
2013.72 15.817 14.7831 14.8826 106.046 0.205819
2013.74 15.8005 15.1573 14.9212 33.15 0.202353
2013.76 15.952 15.4936 14.997 36.3 0.215712
2013.77 15.5445 15.5713 14.9972 43.262 0.281408
2013.79 16.4465 15.6379 15.0659 119.396 0.325247
2013.81 18.1695 15.9102 15.2815 240.736 0.452357
2013.83 17.95 16.4529 15.6547 66.62 0.446649
2013.85 17.5155 17.0532 15.9997 53.138 0.435505
2013.87 18.4585 17.6267 16.343 89.832 0.40572
2013.89 18.6155 18.0107 16.6814 59.31 0.244938
2013.91 19.681 18.2416 16.9954 48.12 0.246704
2013.93 19.3475 18.6366 17.3571 39.694 0.202723
2013.95 19.212 18.9929 17.6925 60.5 0.16495
2013.97 20.11 19.3383 18.1268 100.678 0.173068
2013.99 19.904 19.5572 18.4929 39.738 0.183047
2014.01 19.822 19.6323 18.7808 44.204 0.16915
2014.02 19.883 19.7972 19.0298 53.59 0.167214
2014.04 19.9805 19.9015 19.2079 90.102 0.169955
2014.06 19.38 19.9004 19.4025 89.168 0.206691
2014.08 17.9345 19.7354 19.5206 323.096 0.501638
2014.1 18.054 19.1484 19.4315 86.61 0.525922
2014.12 17.8675 18.6699 19.2793 70.404 0.540031
2014.14 17.338 18.1362 19.1346 84.2 0.533288
2014.16 18.105 17.7277 19.0023 77.64 0.489752
2014.18 18.603 17.9438 18.8586 45.596 0.225039
2014.2 18.687 18.1065 18.72 88.044 0.156584
2014.22 18.031 18.3607 18.5887 108.282 0.174818
2014.24 16.9145 18.1972 18.3324 79.736 0.215033
2014.25 16.15 17.7914 18.0034 250.692 0.233039
2014.27 15.5865 17.167 17.6534 145.75 0.304685
2014.29 16.2455 16.6284 17.5347 85.984 0.328459
2014.31 15.1915 16.3201 17.3729 323.604 0.498561
2014.33 15.4005 15.8795 17.1245 79.902 0.502313
2014.35 14.612 15.5394 16.8284 81.26 0.475493
2014.37 14.885 15.3036 16.4961 72.736 0.487782
2014.39 15.612 15.0395 16.1627 61.058 0.291407
2014.41 15.6275 15.1353 15.9092 85.204 0.271401
2014.43 16.4835 15.3343 15.7057 104.88 0.276506
2014.45 16.3135 15.7211 15.6549 55.296 0.262266
2014.47 16.21 16.0543 15.6605 121.08 0.290668
2014.48 16.2285 16.2281 15.705 48.324 0.283641
2014.5 16.8745 16.431 15.7229 38.886 0.223506
2014.52 17.31 16.4579 15.8422 166.016 0.294787
2014.54 17.933 16.7976 16.103 68.148 0.285551
2014.56 16.2005 17.1292 16.3787 356.93 0.468709
2014.58 15.353 16.9564 16.4658 148.83 0.472427
2014.6 15.84 16.723 16.482 54.118 0.421142
2014.62 16.6815 16.358 16.5538 77.934 0.420734
2014.64 16.5795 16.1295 16.5731 44.224 0.209662
2014.66 16.952 16.4173 16.6303 38.79 0.166733
2014.68 17.319 16.7233 16.7009 42.14 0.165886
2014.7 16.5595 16.8512 16.7258 68.586 0.198902
2014.71 16.566 16.7512 16.705 137.724 0.231637
2014.73 16.1605 16.5783 16.5622 72.76 0.23714
2014.75 16.137 16.3036 16.369 60.748 0.229128
2014.77 15.5695 16.1124 16.3578 73.638 0.222191
2014.79 15.182 15.8505 16.3266 88.102 0.194139
2014.81 14.353 15.6337 16.2474 396.022 0.365385
2014.83 15.273 15.3371 16.0597 91.014 0.388548
2014.85 14.993 15.1194 15.8706 52.948 0.379063
2014.87 16.391 15.2336 15.7308 177.556 0.406256
2014.89 16.6315 15.491 15.7033 89.332 0.216665
2014.91 16.932 15.9013 15.7456 61.036 0.212681
2014.93 15.6315 16.1293 15.7143 65.304 0.273331
2014.94 15.366 16.1161 15.6507 63.07 0.276826
2014.96 14.995 15.778 15.5483 174.182 0.264608
2014.98 15.4545 15.4981 15.5411 57.876 0.289182
2015 15.426 15.3326 15.5543 55.664 0.233541
2015.02 14.8465 15.1794 15.5488 51.848 0.229655
2015.04 14.537 15.0355 15.4988 69.564 0.218097
2015.06 15.6195 15.0328 15.51 89.928 0.27452
2015.08 17.7265 15.1374 15.5058 477.122 0.535305
2015.1 18.714 15.9775 15.6964 77.848 0.519105
2015.12 19.0915 17.0135 15.9146 69.502 0.487044
2015.14 19.183 17.8228 16.1734 65.16 0.483852
2015.16 19.008 18.7342 16.5433 50.646 0.482479
2015.18 19.0045 18.9835 16.9661 52.54 0.179111
2015.19 18.529 18.9563 17.2846 52.234 0.21341
2015.21 18.9245 18.9034 17.642 75.272 0.198322
2015.23 18.528 18.776 18.0233 52.196 0.189436
2015.25 18.6125 18.6469 18.3481 37.506 0.180454
2015.27 19.1325 18.7221 18.7039 51.47 0.143851
2015.29 18.778 18.8428 18.8573 76.794 0.170411
2015.31 22.255 19.1917 18.996 343.538 0.498436
2015.33 21.1435 19.8971 19.2511 71.316 0.521046
2015.35 21.6845 20.4597 19.4625 58.176 0.522108
2015.37 21.3 21.051 19.6905 84.806 0.51706
2015.39 21.3815 21.3622 19.9518 40.412 0.184062
2015.41 21.4615 21.3464 20.1735 60.322 0.163378
2015.42 21.3475 21.4542 20.4578 38.158 0.166099
2015.44 21.496 21.4191 20.7456 41.088 0.157503
2015.46 21.746 21.4806 21.0102 89.902 0.17585
2015.48 21.905 21.6331 21.2919 52.49 0.181864
2015.5 21.8855 21.6575 21.4849 26.868 0.187639
2015.52 22.1755 21.7593 21.533 48.02 0.203477
2015.54 24.1505 22.2412 21.7658 98.644 0.233495
2015.56 26.471 22.9358 22.0905 438.188 0.384024
2015.58 26.8075 24.1413 22.6207 60.512 0.374888
2015.6 26.131 25.3304 23.134 79.384 0.381571
2015.62 26.576 26.0747 23.6141 39.896 0.355517
2015.64 24.7235 26.4183 24.0878 134.13 0.220436
2015.65 25.9005 25.9372 24.4067 54.934 0.430834
2015.67 24.95 25.6064 24.7322 53.85 0.455331
2015.69 26.472 25.5541 25.0789 64.558 0.478392
2015.71 27.013 25.5536 25.5546 123.202 0.472092
2015.73 26.2125 26.1474 25.9341 80.62 0.270733
2015.75 26.627 26.2038 26.0699 91.956 0.30281
2015.77 26.99 26.4812 26.1133 70.748 0.289778
2015.79 28.538 26.7983 26.2209 86.316 0.305793
2015.81 29.9515 27.228 26.444 213.854 0.360931
2015.83 31.295 28.5377 26.8827 77.488 0.291906
2015.85 32.9685 29.8216 27.649 81.844 0.279126
2015.87 32.1175 31.1198 28.4026 125.222 0.313512
2015.88 33.4225 32.1988 29.1019 77.922 0.238396
2015.9 33.663 32.7875 29.6906 39.336 0.243188
2015.92 33.632 33.244 30.3525 90.696 0.243042
2015.94 32.0075 33.2466 31.1099 109.488 0.268153
2015.96 33.207 33.4187 31.7482 136.826 0.249749
2015.98 33.1395 33.3193 32.2187 21.824 0.234844
2016 33.7945 33.4218 32.6856 74.992 0.258929
2016.02 30.3525 32.8407 32.8656 110.258 0.345124
2016.04 28.509 32.0553 32.7231 155.69 0.385338
2016.06 29.819 31.1933 32.4292 102.402 0.420935
2016.08 29.35 30.2401 32.144 293.552 0.587462
2016.1 25.1065 29.0129 31.5249 194.178 0.609042
2016.11 25.354 27.6481 30.6328 107.696 0.590598
2016.13 26.745 27.2072 30.0632 99.494 0.605105
2016.15 27.7615 26.6172 29.5375 97.54 0.508969
2016.17 28.757 26.8251 29.0682 68.33 0.407606
2016.19 28.4805 27.6863 28.5205 75.426 0.295177
2016.21 27.604 28.2213 28.0883 145.938 0.286803
2016.23 29.1475 28.3348 27.9047 103.71 0.255138
2016.25 29.925 28.635 27.978 58.348 0.215939
2016.27 29.73 29.0121 27.9929 51.838 0.235096
2016.29 31.2945 29.5292 28.1731 57.754 0.207824
2016.31 31.025 30.3507 28.8218 101.678 0.208974
2016.33 32.9795 30.7174 29.342 206.214 0.385615
2016.34 33.6975 31.6966 29.9446 87.306 0.400096
2016.36 35.496 32.855 30.624 95.268 0.41475
2016.38 35.14 33.7474 31.3121 58.324 0.411974
2016.4 35.612 34.8104 31.9948 44.984 0.247058
2016.42 36.277 35.3375 32.6547 67.346 0.195189
2016.44 35.8955 35.6744 33.3283 68.514 0.14548
2016.46 35.3195 35.8266 33.9297 117.956 0.132862
2016.48 34.948 35.9127 34.4619 152.65 0.180558
2016.5 36.284 35.7826 34.865 58.408 0.201534
2016.52 37.2905 35.8909 35.3429 68.584 0.210196
2016.54 36.772 36.2335 35.7765 62.428 0.209911
2016.56 37.243 36.5889 36.0584 45.554 0.189955
2016.57 37.9405 37.0734 36.2505 135.542 0.13372
2016.59 38.299 37.4132 36.5496 54.088 0.133845
2016.61 38.628 37.7281 36.7992 31.266 0.115015
2016.63 37.8655 37.9979 36.9878 46.864 0.124219
2016.65 38.45 38.2082 37.211 55.536 0.103111
2016.67 38.622 38.3116 37.4932 43.636 0.0776218
2016.69 38.007 38.4188 37.7969 85.146 0.157219
2016.71 38.926 38.4379 37.9951 109.984 0.180464
2016.73 40.2875 38.8374 38.219 47.07 0.18901
2016.75 41.8655 39.4941 38.6277 88.612 0.204844
2016.77 41.9715 40.2597 39.1146 48.524 0.152604
2016.79 41.148 41.0528 39.4711 59.996 0.15051
2016.8 40.9495 41.358 39.708 55.86 0.148531
2016.82 38.816 41.3085 39.9644 216.822 0.23408
2016.84 37.7525 40.4751 40.0316 102.442 0.255233
2016.86 36.9505 39.6424 40.0099 132.456 0.327552
2016.88 38.008 38.7618 39.8452 87.468 0.365474
2016.9 39.0185 38.2908 39.9078 36.742 0.36762
2016.92 37.017 37.9901 39.7433 71.226 0.308294
2016.94 38.433 37.9613 39.495 49.418 0.237027
2016.96 37.8885 38.2559 39.123 96.964 0.195566
2016.98 38.0295 38.1278 38.7822 39.632 0.175511
2017 37.4935 38.2154 38.5695 82.788 0.177152
2017.01 39.7995 38.3466 38.3542 119.724 0.196136
2017.03 40.857 38.8049 38.3844 75.838 0.185514
2017.05 40.4165 39.2514 38.5464 67.524 0.181367
2017.07 41.7885 40.0282 38.938 59.974 0.181066
2017.09 40.51 40.8533 39.2881 217.376 0.195174
2017.11 41.373 41.0713 39.5017 48.592 0.17748
2017.13 42.2535 41.4541 39.9479 62.246 0.176772
2017.15 42.262 41.6878 40.2908 73.76 0.172671
2017.17 42.494 41.8968 40.7084 38.822 0.165602
2017.19 42.623 42.3398 41.1169 48.728 0.0913565
2017.21 42.6155 42.5363 41.5847 67.688 0.0793682
2017.22 42.2805 42.5029 41.8576 42.766 0.0850891
2017.24 44.327 42.7391 42.1406 79.152 0.115941
2017.26 44.744 43.3696 42.5171 74.218 0.137423
2017.28 44.2335 43.8116 42.7854 63.492 0.158262
2017.3 44.9265 44.4557 43.201 48.41 0.158117
2017.32 46.2495 45.1272 43.6042 147.294 0.144985
2017.34 46.7075 45.6658 44.0586 57.328 0.151347
2017.36 48.0675 46.3523 44.5775 72.518 0.141576
2017.38 47.992 47.0562 45.1186 79.442 0.162817
2017.4 49.789 47.9163 45.7644 69.384 0.166193
2017.42 50.3365 48.4669 46.3578 75.046 0.143521
2017.44 48.9155 49.168 47.1007 152.954 0.186787
2017.45 49.3855 49.3815 47.5043 229.454 0.19473
2017.47 50.187 49.6796 48.0005 57.582 0.188457
2017.49 48.4 49.4677 48.4138 67.806 0.210744
2017.51 48.938 49.0534 48.6599 52.868 0.231399
2017.53 50.0905 49.3907 48.9799 42.05 0.194756
2017.55 51.2835 49.7325 49.3732 54.692 0.180255
2017.57 51.002 50.3747 49.793 154.188 0.184377
2017.59 49.379 50.6683 49.9065 54.606 0.198696
2017.61 48.3995 50.3919 49.8191 69.36 0.20919
2017.63 47.9235 49.7608 49.641 65.696 0.213811
2017.65 47.263 48.7064 49.5522 66.496 0.192742
2017.67 48.9125 48.3868 49.3997 50.718 0.176694
2017.68 48.295 48.2803 49.3133 52.106 0.167536
2017.7 49.3395 48.4462 49.4184 75.204 0.159162
2017.72 47.755 48.5659 49.2789 52.836 0.161455
2017.74 48.0675 48.4496 48.934 50.876 0.160055
2017.76 49.479 48.4383 48.5829 75.642 0.154798
2017.78 50.147 48.5331 48.5731 48.63 0.135517
2017.8 49.1455 48.8956 48.6465 47.302 0.129885
2017.82 55.0475 49.4993 48.7622 331.3 0.456447
2017.84 55.58 51.1829 49.4987 75.03 0.460194
2017.86 56.2675 52.8183 50.3364 43.598 0.461089
2017.88 56.494 54.5129 51.1396 48.268 0.456334
2017.9 59.3 56.314 51.7952 70.56 0.450597
2017.91 58.1175 57.251 52.8163 82.142 0.187814
2017.93 58.1 57.5816 53.8252 61.002 0.205584
2017.95 58.957 58.0721 54.8528 95.572 0.201617
2017.97 58.418 58.4742 55.7878 31.702 0.173701
2017.99 58.4735 58.4421 56.4869 53.768 0.144124
2018.01 61.457 59.0464 57.4072 70.894 0.12489
2018.03 65.26 60.336 58.4805 108.874 0.148682
2018.05 64.729 61.477 59.2381 91.57 0.155147
2018.07 70.1025 63.846 60.4258 97.146 0.178604
2018.09 71.4975 66.7659 61.8951 222.514 0.253302
2018.11 66.98 68.4659 62.9637 282.83 0.368046
2018.13 72.4345 70.1392 64.3501 89.452 0.390746
2018.15 75 71.4174 65.6437 88.362 0.375232
2018.16 75.0125 72.5215 67.3105 131.752 0.337279
2018.18 78.9445 74.2888 69.1627 90.686 0.188722
2018.2 78.584 76.4849 71.1632 108.5 0.144055
2018.22 74.778 77.4061 72.7243 160.12 0.230027
2018.24 72.367 77.1357 73.4743 251.622 0.339801
2018.26 70.2615 75.5688 73.8706 117.646 0.415382
2018.28 71.5395 73.5934 73.9329 73.706 0.420587
2018.3 76.3745 72.9126 74.4209 110.832 0.446667
2018.32 78.631 73.1662 75.0077 261.064 0.411619
2018.34 79.0475 75.265 75.5317 68.872 0.315649
2018.36 80.1455 77.4247 76.0044 45.278 0.304165
2018.38 78.7185 78.3335 76.2671 52.852 0.260027
2018.39 80.5075 79.4666 76.3103 53.968 0.118187
2018.41 82.077 80.0135 76.5342 66.268 0.110397
2018.43 84.1995 81.1137 77.44 59.102 0.125362
2018.45 85.7985 82.5711 78.8989 95.552 0.104399
2018.47 85.7835 84.3421 80.4304 81.502 0.116262
2018.49 84.99 85.0844 81.3855 90.87 0.206692
2018.51 85.5315 85.263 82.238 53.006 0.198349
2018.53 90.6515 86.1284 83.2761 87.664 0.218956
2018.55 90.685 87.3313 84.4585 77.688 0.223734
2018.57 90.8635 89.0519 85.6017 193.62 0.198941
2018.59 91.1645 90.2858 86.6883 69.21 0.22354
2018.61 94.315 91.6229 87.9893 72.798 0.213124
2018.62 94.111 92.4509 89.0683 82.086 0.217567
2018.64 95.2695 93.3339 90.041 56.018 0.167722
2018.66 100.635 95.4895 91.2599 84.088 0.162683
2018.68 97.6035 96.6131 92.4742 97.852 0.200042
2018.7 98.5095 97.6254 93.8417 72.84 0.202938
2018.72 95.7505 98.087 94.7321 137.118 0.250633
2018.74 100.15 98.4205 95.4965 81.702 0.24159
2018.76 94.4825 97.8457 96.1075 136.446 0.238324
2018.78 89.4305 95.65 96.1 188.892 0.351758
2018.8 88.2015 93.9315 95.7288 118.144 0.369554
2018.82 82.1405 90.8001 94.9047 299.276 0.553759
2018.84 83.2765 86.4772 93.453 139.11 0.643196
2018.85 85.6215 85.2159 92.18 118.044 0.644271
2018.87 79.6705 83.0472 90.3025 121.322 0.643391
2018.89 75.103 80.6026 88.423 54.152 0.572129
2018.91 84.5085 81.1741 86.9372 115.236 0.486762
2018.93 81.4565 81.3677 85.9076 151.522 0.522725
2018.95 79.5955 81.027 84.1612 127.344 0.511437
2018.97 68.8725 80.1981 82.2779 272.806 0.559708
2018.99 73.901 78.728 80.9436 176.58 0.586784
2019.01 78.7695 77.0086 79.9046 183.652 0.56984
2019.03 82.028 76.924 79.7501 93.724 0.56224
2019.05 84.81 78.2921 80.0278 120.41 0.501991
2019.07 83.5285 80.6535 79.7598 98.918 0.324051
2019.08 81.3115 82.5688 79.9271 230.124 0.429908
2019.1 79.411 82.4634 80.4542 113.15 0.38665
2019.12 80.3975 81.9391 80.1585 86.878 0.376769
2019.14 81.578 81.6325 80.0215 61.924 0.354113
2019.16 83.5865 81.4589 80.1655 99.498 0.271985
2019.18 81.04 81.7872 81.2411 93.34 0.200083
2019.2 85.618 82.6702 82.2225 151.018 0.196654
2019.22 88.2385 84.6119 83.0866 127.26 0.240076
2019.24 89.0375 86.2515 83.6922 66.416 0.237862
2019.26 91.864 88.2533 84.4807 72.81 0.200792
2019.28 92.153 90.2209 85.4093 62.288 0.179461
2019.3 93.0845 91.0056 86.2851 54.998 0.154723
2019.31 97.5315 92.7651 87.7792 168.652 0.145203
2019.33 98.123 94.2433 89.3193 127.632 0.184448
2019.35 94.499 95.1553 90.7165 114.36 0.19826
2019.37 93.45 95.2379 91.6718 94.732 0.266774
2019.39 91.164 94.3609 92.5452 67.394 0.242952
2019.41 88.7535 93.2852 92.7786 92.376 0.256096
2019.43 90.2015 90.954 92.59 96.164 0.310669
2019.45 93.4835 90.9243 92.9066 57.024 0.290188
2019.47 95.565 91.5868 93.2431 78.672 0.267718
2019.49 94.6815 92.6309 93.4711 60.748 0.261181
2019.51 97.1455 94.6891 93.635 52.568 0.173634
2019.53 100.55 96.4794 93.9758 50.186 0.134717
2019.54 98.226 97.6826 94.2885 63.712 0.148082
2019.56 97.1525 98.6632 94.8625 98.542 0.152355
2019.58 91.162 97.9739 94.8661 99.124 0.170636
2019.6 90.379 95.5157 94.7422 57.596 0.201454
2019.62 89.6285 92.9547 94.9929 60.36 0.255595
2019.64 87.481 90.6985 94.7343 105.416 0.274323
2019.66 88.8145 89.4518 94.1079 61.174 0.272121
2019.68 91.6755 89.6654 93.7713 49.938 0.244709
2019.7 91.967 90.17 93.3356 39.426 0.184506
2019.72 89.708 90.2331 92.4971 106.838 0.187551
2019.74 86.2725 90.057 91.2458 78.144 0.183689
2019.76 86.9825 89.0767 89.9754 49.438 0.169452
2019.77 86.596 87.7131 89.1116 65.1 0.176829
2019.79 87.8755 87.1199 88.9354 67.25 0.185001
2019.81 88.0665 87.3578 88.8351 192.528 0.162508
2019.83 89.572 87.9553 88.6847 55.808 0.161087
2019.85 89.294 88.865 88.83 42.466 0.147252
2019.87 86.9745 88.7915 88.5859 78.552 0.134252
2019.89 87.286 88.4806 88.1594 49.582 0.109164
2019.91 90.04 88.7147 88.0801 38.468 0.131833
2019.93 87.58 88.2711 88.0552 62.348 0.141203
2019.95 88.047 88.0598 88.1793 54.914 0.134108
2019.97 89.325 88.5538 88.4819 103.016 0.133291
2019.99 93.49 89.0183 88.7895 123.732 0.187467
2020.01 93.7485 89.9049 89.1608 75.288 0.206931
2020.02 94.158 91.7959 89.8027 57.074 0.20948
2020.04 93.236 93.0465 90.2136 79.946 0.217054
2020.06 93.082 93.9582 90.5978 75.324 0.227168
2020.08 100.436 94.1774 91.2391 311.346 0.297575
2020.1 103.964 96.0412 92.7097 101.906 0.298862
2020.12 106.743 99.4052 94.4714 52.124 0.300456
2020.14 104.799 102.021 96.044 92.926 0.319979
2020.16 94.1875 103.165 96.9953 189.62 0.401222
2020.18 95.0545 101.943 97.7127 105.472 0.366787
2020.2 89.25 97.6957 97.4651 176.194 0.579437
2020.22 92.3045 93.5562 97.0444 196.358 0.673233
2020.24 95.005 93.1929 97.2218 107.758 0.677883
2020.25 95.3295 93.1501 97.4619 72.198 0.65584
2020.27 102.138 95.4128 98.1556 92.93 0.50566
2020.29 118.75 101.788 99.7255 158.6 0.436738
2020.31 120.511 107.699 101.046 76.498 0.406506
2020.33 114.302 113.156 102.105 195.452 0.516977
2020.35 118.98 117.483 103.896 64.132 0.494873
2020.37 120.489 118.456 106.182 84.7 0.400042
2020.39 121.844 119.362 109.348 57.342 0.394467
2020.41 122.118 119.709 111.912 70.198 0.342036
2020.43 124.15 121.526 114.821 66.128 0.175612
2020.45 127.251 123.959 118.02 108.722 0.235354
2020.47 133.751 126.278 121.3 115.54 0.216082
2020.48 134.643 130.147 123.749 130.016 0.238655
2020.5 144.515 133.461 125.497 131.868 0.281166
2020.52 160 140.23 129.146 109.72 0.310951
2020.54 148.098 145.557 132.559 95.226 0.371605
2020.56 150.445 150.028 136.109 112.648 0.483144
2020.58 158.234 153.539 139.242 161.71 0.466706
2020.6 158.373 154.358 142.973 78.722 0.410336
2020.62 157.401 155.711 146.349 55.034 0.398499
2020.64 164.236 157.979 149.873 71.518 0.285121
2020.66 170.09 161.958 153.742 57.94 0.266156
2020.68 164.731 165.198 157.244 175.636 0.317125
2020.7 155.811 165.593 158.943 101.88 0.38269
2020.71 147.745 163.343 159.033 177.852 0.366234
2020.73 154.756 159.402 158.84 92.304 0.440491
2020.75 156.25 155.808 159.271 112.262 0.434306
2020.77 164.333 155.728 160.093 98.158 0.409518
2020.79 163.635 159.63 161.109 129.488 0.425474
2020.81 160.22 161.594 161.38 69.334 0.349644
2020.83 151.807 161.817 161.082 167.728 0.407275
2020.85 165.568 161.706 160.229 92.946 0.429216
2020.87 156.441 158.44 158.533 75.124 0.457442
2020.89 154.97 157.436 158.117 67.488 0.451388
2020.91 159.767 156.761 158.368 47.858 0.425093
2020.93 158.129 157.483 159.245 58.272 0.285227
2020.94 155.821 157.282 159.118 61.294 0.15173
2020.96 160.083 158.238 159.309 119.914 0.17863
2020.98 158.635 158.913 158.543 29.038 0.161987
2021 162.846 159.817 158.656 59.144 0.203038
2021.02 159.135 160.066 158.485 70.754 0.222546
2021.04 155.212 159.695 158.655 84.88 0.22456
2021.06 164.611 160.028 158.62 56.438 0.28122
2021.08 160.31 160.145 159.374 85.872 0.269423
2021.1 167.607 162.034 160.536 72.416 0.28973
2021.11 163.885 163.893 161.104 46.706 0.27569
2021.13 162.495 164.793 161.549 86.104 0.239465
2021.15 154.647 163.049 161.578 85.518 0.260742
2021.17 150.023 159.677 160.751 107.772 0.226156
2021.19 154.475 156.544 159.856 48.438 0.283024
2021.21 153.748 153.991 159.182 92.508 0.303211
2021.23 152.602 153.363 158.87 66.258 0.279833
2021.25 158.05 153.77 158.641 58.806 0.256098
2021.27 168.61 156.807 158.59 86.83 0.230906
2021.29 169.972 160.468 159.002 63.72 0.193826
2021.31 167.044 163.623 159.123 63.856 0.192431
2021.33 173.371 168.087 159.901 140.186 0.186991
2021.34 164.581 168.5 160.626 94.206 0.204559
2021.36 161.145 166.15 161.26 66.5 0.240226
2021.38 160.154 164.816 162.259 82.098 0.240778
2021.4 161.154 162.313 163.055 46.596 0.228424
2021.42 160.311 161.239 163.49 44.994 0.2027
2021.44 167.342 162.29 164.606 56.348 0.172429
2021.46 174.345 164.674 165.575 104.954 0.165934
2021.48 170.073 167.452 166.025 78.82 0.180135
2021.5 175.549 170.47 166.524 63.388 0.184199
2021.52 185.967 174.795 167.721 74.964 0.223812
2021.54 178.682 177.956 169.096 80.874 0.235939
2021.56 182.832 179.464 170.934 48.726 0.225622
2021.57 166.38 181.258 172.699 199.312 0.371425
2021.59 167.247 177.356 173.253 52.752 0.31318
2021.61 164.699 173.03 173.712 41.134 0.308821
2021.63 159.997 168.349 173.543 67.168 0.30011
2021.65 167.482 164.98 173.061 48.048 0.144484
2021.67 173.902 166.327 172.974 51.514 0.161
2021.69 173.458 168.152 173.229 47.946 0.164566
2021.71 173.126 170.927 172.515 92.332 0.13947
2021.73 171.276 172.262 171.007 42.324 0.177645
2021.75 164.163 170.78 169.679 56.712 0.174592
2021.77 164.431 167.774 167.73 39.964 0.208533
2021.79 170.451 165.657 167.46 103.598 0.248276
2021.8 166.777 166.046 167.934 62.782 0.243857
2021.82 168.622 166.838 168.618 129.722 0.250601
2021.84 175.949 168.705 169.242 99.94 0.254447
2021.86 176.258 171.351 169.603 53.788 0.265301
2021.88 183.829 173.679 170.145 98.734 0.270477
2021.9 175.228 175.434 170.511 59.826 0.297894
2021.92 169.49 176.622 170.893 80.712 0.276721
2021.94 172.212 176.279 171.561 60.69 0.2675
2021.96 170.018 174.181 172.319 85.542 0.249971
2021.98 171.068 172.137 172.845 36.788 0.252538
2022 166.717 170.746 172.728 47.83 0.227178
2022.02 162.554 168.783 172.43 46.606 0.221233
2022.04 162.138 166.901 171.905 45.974 0.21314
2022.05 142.643 163.449 170.034 163.972 0.292543
2022.07 143.978 156.338 166.608 74.392 0.343512
2022.09 157.639 152.119 163.491 253.456 0.66251
2022.11 153.294 150.969 161.751 77.1 0.669621
2022.13 152.602 151.237 159.99 63.604 0.623554
2022.15 153.788 153.094 158.293 62.396 0.64697
2022.17 145.641 153.899 156.305 60.934 0.564971
2022.19 145.525 149.294 153.374 68.9 0.429114
2022.21 161.251 148.449 151.837 102.962 0.474162
2022.23 164.773 151.721 151.844 49.032 0.421756
2022.25 163.56 155.764 152.663 57.09 0.416209
2022.27 154.46 160.68 154.617 46.002 0.359539
2022.28 151.706 161.159 154.893 51.598 0.318588
2022.3 144.35 158.302 154.504 73.078 0.361424
2022.32 124.282 151.309 152.712 272.662 0.661043
2022.34 114.772 140.977 149.757 124.26 0.686179
2022.36 113.055 129.946 145.448 93.684 0.737093
2022.38 107.591 119.479 142.308 99.5 0.767782
2022.4 115.147 112.086 138.299 93.66 0.583122
2022.42 122.35 112.02 135.074 97.604 0.552878
2022.44 109.65 114.522 130.308 87.266 0.572727
2022.46 106.22 113.015 124.425 99.7721 0.541087
2022.48 116.46 114.04 121.072 69.8676 0.54923
2022.5 109.56 111.624 116.536 73.0212 0.537227
2022.51 115.54 110.044 114.167 45.7197 0.549277
2022.53 113.55 110.849 112.162 84.3178 0.432668
2022.55 122.42 113.94 112.703 51.4638 0.427645
2022.57 134.95 117.037 113.955 148.893 0.530183
2022.59 140.8 123.197 117.13 50.6869 0.537047
2022.61 143.55 130.625 119.715 47.6435 0.522392
2022.63 138.23 136.065 121.59 47.7928 0.520856
2022.65 130.75 138.791 124.175 53.3227 0.364036
2022.67 127.51 136.2 126.188 57.4298 0.32017
2022.69 133.27 134.105 127.642 49.3876 0.324699
2022.71 123.53 130.391 129.276 115.668 0.416692
2022.73 113.78 126.408 130.054 65.1267 0.397273
2022.74 113 122.984 129.703 59.4796 0.403206
2022.76 114.56 120.313 129.527 54.678 0.451103
2022.78 106.9 116.142 126.959 67.7373 0.389762
2022.8 119.32 115.308 124.527 55.6605 0.455918
2022.82 103.41 115.061 121.618 223.133 0.536882
2022.84 90.98 109.004 117.528 129.101 0.534611
2022.86 100.79 104.297 113.932 111.591 0.710553
2022.88 94.14 99.4845 110.679 72.4282 0.643423
2022.9 93.41 94.7925 107.781 35.0886 0.626105
2022.92 94.13 94.2165 105.107 72.4964 0.537039
2022.94 89.09 93.8615 102.527 67.3985 0.341085
2022.96 87.86 91.8985 99.7216 146.144 0.318319
2022.97 85.25 89.8275 96.9226 57.4337 0.363075
2022.99 84 87.559 94.541 62.4012 0.344218
2023.01 86.08 86.4745 91.8444 83.3034 0.359498
2023.03 98.12 87.057 90.5734 85.5494 0.417916
2023.05 97.25 88.858 90.9636 67.4815 0.404768
2023.07 102.24 92.4485 91.3726 87.7756 0.355926
2023.09 103.39 97.592 92.325 144.375 0.538509
2023.11 97.61 99.918 92.9866 52.7401 0.511279
2023.13 97.2 100.678 93.593 60.0294 0.491698
2023.15 93.5 100.15 94.0178 57.0538 0.500536
2023.17 94.9 97.3105 94.4556 55.7596 0.393765
2023.19 90.73 95.222 95.2588 69.8275 0.257629
2023.21 98.95 94.539 96.4896 87.3002 0.296717
2023.22 98.13 95.3875 97.5364 56.0954 0.289921
2023.24 103.29 97.069 97.9812 56.7503 0.285627
2023.26 102.06 98.8715 98.4062 43.808 0.297359
2023.28 102.51 100.399 98.297 51.4505 0.307929
2023.3 106.96 101.67 98.2864 86.7742 0.297408
2023.32 105.45 103.339 98.942 130.716 0.383515
2023.34 105.66 103.648 99.691 56.9517 0.387839
2023.36 110.26 105.661 101.277 49.8527 0.36176
2023.38 116.25 108.38 103.399 55.0563 0.364948
2023.4 120.11 111.022 105.551 96.7799 0.29407
2023.42 124.25 114.818 107.417 61.2644 0.261979
2023.44 123.43 118.835 109.986 51.396 0.311173
2023.45 125.49 122.022 112.376 84.2471 0.300311
2023.47 129.33 124.377 114.538 71.9278 0.319443
2023.49 130.36 126.561 117.129 54.3507 0.287802
2023.51 129.78 127.628 119.113 41.9923 0.240261
2023.53 134.68 129.046 121.708 54.4871 0.248053
2023.55 130 130.464 124.427 133.307 0.256329
2023.57 132.21 130.652 126.213 46.3174 0.267725
2023.59 139.57 131.3 127.857 153.129 0.396794
2023.61 138.41 133.365 129.914 42.9058 0.389314
2023.63 133.22 134.305 131.121 48.4977 0.372425
2023.65 133.26 135.455 131.966 44.1475 0.373158
2023.67 138.12 136.315 132.883 40.9915 0.222443
2023.68 138.23 135.822 133.56 38.3482 0.213674
2023.7 140.39 137.251 134.901 102.909 0.261726
2023.72 129.12 137.343 135.313 59.9043 0.301769
2023.74 127.12 135.44 134.711 62.4117 0.322477
2023.76 127.96 132.854 134.527 46.8367 0.358192
2023.78 129.79 129.724 134.467 45.7866 0.31615
2023.8 125.17 128.442 133.418 56.4064 0.304691
2023.82 127.74 127.816 132.181 125.309 0.419348
2023.84 138.6 130.035 132.38 44.0598 0.414462
2023.86 143.56 132.885 133.066 49.2878 0.415656
2023.88 145.18 136.579 133.721 49.6367 0.394733
2023.9 146.74 140.949 133.913 22.3784 0.31571
2023.91 147.03 144.229 134.944 39.9518 0.193257
2023.93 147.42 145.569 136.789 41.906 0.206246
2023.95 149.97 146.65 138.895 110.089 0.185373
2023.97 153.42 148.579 141.243 29.5141 0.188368
2023.99 151.94 149.824 143.046 39.8232 0.188986
2024.01 145.24 150.071 144.636 45.1531 0.201043
2024.03 154.62 151.445 147.226 40.4842 0.219918
2024.05 155.34 151.868 148.432 51.6516 0.201369
2024.07 159.12 152.789 149.892 51.0474 0.1979
2024.09 171.81 155.702 151.56 117.218 0.322282
2024.11 174.45 160.685 154.004 56.986 0.331673
2024.13 169.51 164.832 156.406 48.1077 0.345209
2024.15 174.99 167.823 158.416 59.7152 0.367891
2024.16 178.22 171.95 160.989 31.9812 0.344441
2024.18 175.35 173.237 163.205 37.8932 0.242233
2024.2 174.42 174.281 165.605 72.1474 0.24249
2024.22 178.87 175.821 168.436 27.9954 0.20512
2024.24 180.38 176.822 170.507 38.0516 0.194933
2024.26 185.07 178.267 173.16 42.374 0.199328
2024.28 186.13 180.966 175.953 38.6088 0.182304
2024.3 174.63 182.015 177.173 56.0007 0.194593
2024.32 179.62 181.493 177.781 43.9198 0.251389
2024.34 186.21 181.33 178.907 39.172 0.292578
2024.36 187.48 181.852 180.293 34.1418 0.289044
2024.38 184.7 183.147 181.247 33.1757 0.264877
2024.39 180.75 184.396 181.919 27.4716 0.216961
2024.41 176.44 184.408 182.259 58.9039 0.132035
2024.43 184.3 182.763 182.527 28.0215 0.15231
2024.45 183.66 182.659 183.011 25.4564 0.160572
2024.47 189.08 183.036 183.014 70.7925 0.179768
2024.49 193.25 185.602 183.679 76.9302 0.248262
2024.51 200 189.572 185.362 39.8589 0.252898
2024.53 194.49 192.446 187.405 30.5985 0.262015
2024.55 183.13 193.45 187.668 43.0818 0.280151
2024.57 182.5 191.435 187.138 29.506 0.248731
2024.59 167.9 187.226 186.795 141.448 0.392307
2024.61 166.94 178.751 184.982 36.401 0.424107
2024.62 177.06 174.812 184.324 31.4892 0.455377
2024.64 177.04 173.724 183.522 29.1501 0.440947
2024.66 178.5 172.033 182.513 43.4294 0.299168
2024.68 171.39 174.4 181.398 41.4665 0.309691
2024.7 186.49 177.465 179.94 26.4954 0.301642
2024.72 191.6 179.928 178.864 100.379 0.296428
2024.74 193.96 181.694 178.876 43.4789 0.29399
