x r
1997.56 -1.39258
1997.57 -1.26811
1997.59 -4.40572
1997.6 -3.29457
1997.61 -5.75496
1997.62 -1.9519
1997.63 0
1997.65 4.31767
1997.65 2.44221
1997.67 -0.888326
1997.68 18.2322
1997.69 -4.51648
1997.71 8.08142
1997.71 18.1797
1997.73 -5.55699
1997.74 -3.04593
1997.75 -0.259486
1997.76 -1.65483
1997.77 3.94873
1997.79 -1.44996
1997.8 5.31602
1997.81 -0.462042
1997.82 14.7157
1997.83 -0.8162
1997.84 -1.69509
1997.86 -6.23673
1997.87 2.32088
1997.88 0.947723
1997.89 -2.06688
1997.9 1.35406
1997.92 -0.857361
1997.93 2.06215
1997.94 -3.85091
1997.95 0.913541
1997.96 -2.27968
1997.97 -1.56435
1997.99 4.94468
1998 -1.25262
1998.02 -1.19089
1998.03 0.973088
1998.04 1.58976
1998.05 2.38989
1998.07 -2.56424
1998.08 3.85486
1998.09 -0.905991
1998.1 -0.634719
1998.11 -0.19672
1998.13 -0.806326
1998.14 0.793909
1998.15 1.52942
1998.16 -0.978802
1998.17 2.1052
1998.19 -0.469026
1998.19 0.238798
1998.21 6.58573
1998.22 -0.223392
1998.23 1.29228
1998.24 -0.401293
1998.25 -2.19357
1998.27 3.00681
1998.28 3.00279
1998.29 -3.74959
1998.3 -6.44918
1998.32 -2.53551
1998.33 -4.00587
1998.34 -1.62062
1998.35 1.49964
1998.36 1.62826
1998.38 -1.75891
1998.38 0.140989
1998.4 5.63957
1998.41 -2.87799
1998.42 3.77413
1998.44 10.2653
1998.44 -2.42927
1998.46 7.04622
1998.47 7.08047
1998.48 -0.754246
1998.49 1.00752
1998.51 11.7783
1998.52 -1.52847
1998.53 6.62788
1998.54 5.52273
1998.55 1.45647
1998.57 1.05075
1998.57 5.36092
1998.59 1.49004
1998.6 5.7666
1998.61 5.01334
1998.62 -2.52657
1998.63 0.290839
1998.65 -2.34645
1998.65 -11.6717
1998.67 9.44753
1998.68 6.72522
1998.69 -4.57735
1998.71 14.6293
1998.72 7.04029
1998.73 -2.89526
1998.74 -2.18595
1998.75 7.16693
1998.76 -14.7727
1998.78 2.16962
1998.79 3.7393
1998.8 0.941146
1998.81 1.2456
1998.82 0.642744
1998.84 3.54494
1998.84 -1.01627
1998.86 3.77038
1998.87 -2.51227
1998.88 9.92817
1998.89 18.8072
1998.9 2.95731
1998.92 -4.89093
1998.93 1.31758
1998.94 -1.45559
1998.95 8.82296
1998.96 3.52784
1998.97 0.810972
1998.99 -5.73779
1999.01 9.97224
1999.02 14.0864
1999.03 -12.2279
1999.04 1.70637
1999.05 -6.39487
1999.07 2.39056
1999.08 -4.95278
1999.09 13.1545
1999.1 -6.0018
1999.11 12.0132
1999.13 -5.33633
1999.14 4.43984
1999.15 11.9347
1999.16 -9.19791
1999.17 1.13814
1999.19 5.38392
1999.2 4.13282
1999.21 5.52218
1999.22 -10.0532
1999.23 -0.582555
1999.24 4.45343
1999.26 -1.96284
1999.27 2.14171
1999.28 -5.99241
1999.3 -17.8513
1999.3 5.85716
1999.32 -0.635509
1999.33 2.24069
1999.34 2.41808
1999.35 7.41734
1999.36 -4.97527
1999.38 -3.7007
1999.38 -1.73498
1999.4 8.06889
1999.41 -11.5352
1999.42 3.16186
1999.44 2.16133
1999.45 -13.988
1999.46 1.11298
1999.47 -4.98028
1999.48 -3.07199
1999.49 7.51842
1999.51 2.24167
1999.52 0.0996512
1999.53 6.80013
1999.54 -4.41008
1999.55 -16.0733
1999.57 -4.7729
1999.57 -1.48794
1999.59 -7.02639
1999.6 -4.64206
1999.61 0.889481
1999.62 10.5487
1999.63 6.66346
1999.65 10.1396
1999.66 -7.47068
1999.67 0.888413
1999.68 -2.41218
1999.7 -4.91192
1999.71 -0.477784
1999.72 -0.800004
1999.73 4.32287
1999.74 20.3599
1999.76 -0.243013
1999.76 5.74532
1999.78 -3.96734
1999.79 -5.86146
1999.8 4.93338
1999.81 5.11343
1999.82 -6.72308
1999.84 -3.96548
1999.84 2.9299
1999.86 1.66306
1999.87 -1.9369
1999.88 1.86165
1999.89 1.54086
1999.91 -2.92837
1999.92 4.66871
1999.93 -1.94181
1999.94 2.91254
1999.95 0.910872
1999.97 3.07515
1999.97 -8.19639
1999.99 1.43237
2000.01 16.0464
2000.01 -6.19135
2000.03 -3.58659
2000.04 -2.59256
2000.05 -3.13565
2000.07 -1.25562
2000.07 -8.1678
2000.09 2.92258
2000.1 -4.64064
2000.11 -5.19494
2000.12 -0.843175
2000.13 -6.35728
2000.15 -2.88049
2000.16 4.64336
2000.17 -0.09995
2000.18 0.196657
2000.2 -2.36418
2000.21 3.84663
2000.22 12.0052
2000.23 7.12679
2000.24 -5.68439
2000.25 -5.26689
2000.26 3.26277
2000.28 0
2000.28 -2.37165
2000.3 -2.76834
2000.31 5.1356
2000.32 4.28058
2000.34 -3.62852
2000.35 -4.33962
2000.36 2.8887
2000.37 5.21291
2000.38 -5.09369
2000.39 3.93752
2000.41 10.6972
2000.42 14.252
2000.43 2.44212
2000.45 -7.45687
2000.45 -0.269542
2000.47 1.77722
2000.48 -21.4992
2000.49 3.6979
2000.5 1.87559
2000.51 0.17316
2000.53 5.68439
2000.54 -3.58247
2000.55 -1.3857
2000.56 -2.9462
2000.57 -4.4814
2000.59 1.84243
2000.6 3.95905
2000.61 -1.42714
2000.62 7.4236
2000.63 1.94181
2000.64 6.14301
2000.66 -2.05541
2000.67 -3.40521
2000.68 0.409557
2000.7 -1.3187
2000.7 5.58484
2000.72 -4.93743
2000.73 3.37455
2000.74 -4.83186
2000.75 -6.89929
2000.76 -7.01096
2000.77 1.23969
2000.78 12.3845
2000.8 13.5666
2000.81 -2.67231
2000.82 14.5712
2000.83 10.8019
2000.84 -5.66036
2000.85 -8.655
2000.87 -7.7793
2000.88 -5.89047
2000.89 -6.24423
2000.91 -3.29338
2000.91 -8.72223
2000.93 -4.5736
2000.94 9.21153
2000.95 -8.56947
2000.96 -14.0582
2000.97 -9.41872
2000.99 -0.369686
2001 -11.4776
2001.01 -6.23903
2001.02 0.76046
2001.04 2.09798
2001.05 2.21879
2001.06 14.3376
2001.08 3.15484
2001.08 -6.33359
2001.1 9.09718
2001.11 -7.21033
2001.12 4.87902
2001.14 -9.07544
2001.15 -1.05264
2001.16 -14.2692
2001.17 23.3094
2001.18 -4.7006
2001.19 3.46856
2001.2 1.14287
2001.22 -2.46926
2001.23 7.12643
2001.24 -7.6961
2001.25 -5.30299
2001.26 -8.58159
2001.27 10.3527
2001.29 4.9367
2001.3 -1.32202
2001.31 2.58119
2001.33 3.28532
2001.33 -2.12648
2001.35 -4.47204
2001.36 0.409557
2001.37 4.26519
2001.38 10.6854
2001.39 7.11273
2001.41 -9.49618
2001.42 -0.236267
2001.43 0.871737
2001.44 -1.49155
2001.45 -6.20835
2001.47 9.80274
2001.48 3.25296
2001.49 2.25362
2001.5 -2.79153
2001.52 3.47525
2001.53 7.22903
2001.54 2.10144
2001.55 2.9282
2001.56 -4.6678
2001.57 2.41947
2001.58 -2.51127
2001.6 -2.55333
2001.61 -4.99859
2001.62 -4.36751
2001.63 4.02212
2001.64 -5.75045
2001.65 -1.59207
2001.66 2.83626
2001.68 6.33123
2001.71 -14.1676
2001.72 2.29895
2001.73 -5.08701
2001.74 -3.78024
2001.75 10.6018
2001.77 -1.11733
2001.77 7.81337
2001.79 7.37862
2001.8 -5.58397
2001.81 -22.3144
2001.82 -6.98436
2001.83 -0.430726
2001.85 0.854706
2001.85 2.12925
2001.87 26.3735
2001.88 2.64624
2001.89 3.13225
2001.91 0.953627
2001.92 -7.61487
2001.93 2.85015
2001.94 4.94031
2001.95 1.00503
2001.96 -1.39084
2001.98 -1.71462
2001.99 2.79088
2002.01 8.22861
2002.02 -4.05182
2002.03 -0.0906208
2002.04 -11.9607
2002.06 21.5238
2002.07 3.02308
2002.08 -2.27606
2002.09 -9.14575
2002.1 -0.177778
2002.11 -3.05367
2002.12 -3.44483
2002.14 2.28843
2002.15 4.7645
2002.16 8.75432
2002.18 2.22919
2002.19 2.17794
2002.2 -8.34369
2002.21 -2.35939
2002.22 2.34538
2002.23 -3.98952
2002.25 -3.78703
2002.26 -0.295858
2002.27 -0.886269
2002.28 4.26535
2002.29 -3.85192
2002.31 -1.76247
2002.31 0.533651
2002.33 -1.20556
2002.34 0.435189
2002.35 2.33962
2002.36 8.25267
2002.37 -2.32149
2002.39 -0.0533191
2002.4 -2.12829
2002.41 -0.765031
2002.42 0.111235
2002.44 -7.13792
2002.45 2.02847
2002.46 1.98985
2002.47 -0.114025
2002.48 3.27057
2002.5 -18.1706
2002.51 6.51962
2002.52 -4.18909
2002.53 3.2518
2002.54 -3.84784
2002.56 -6.3249
2002.56 3.46219
2002.58 -2.19037
2002.59 -7.26639
2002.6 2.1819
2002.61 -3.73414
2002.62 1.89708
2002.64 -3.827
2002.65 -1.59472
2002.66 3.83756
2002.67 1.56306
2002.69 7.546
2002.7 -2.12648
2002.71 3.75852
2002.72 -8.16904
2002.73 -1.26344
2002.74 -6.55973
2002.75 -1.54031
2002.77 1.78683
2002.77 2.74592
2002.79 2.86254
2002.8 1.14884
2002.81 0.555417
2002.82 -0.107643
2002.83 2.24729
2002.85 3.2583
2002.86 -2.64882
2002.87 3.84478
2002.88 -5.17159
2002.89 2.49011
2002.9 2.86456
2002.92 -1.54653
2002.93 0.132773
2002.94 1.22757
2002.96 1.47687
2002.96 -1.87263
2002.98 -1.63195
2002.99 2.04678
2003.01 4.74022
2003.02 -2.49015
2003.03 3.32134
2003.04 -2.13305
2003.06 0.426036
2003.07 -1.50379
2003.08 -1.18452
2003.09 -0.497626
2003.1 -2.98667
2003.11 1.67028
2003.13 6.41957
2003.14 1.94721
2003.15 -1.10295
2003.17 -0.912832
2003.18 1.19709
2003.19 -0.438021
2003.2 1.18056
2003.21 -0.900231
2003.22 -6.27976
2003.23 0.0360166
2003.25 -1.90039
2003.25 -1.62667
2003.27 -5.66262
2003.28 -2.75608
2003.29 2.47126
2003.31 -0.588122
2003.32 0.482095
2003.33 -0.104621
2003.34 3.02456
2003.35 1.66101
2003.36 -1.0679
2003.38 -4.61311
2003.39 3.86148
2003.4 0.0286903
2003.42 -1.37469
2003.42 0.366662
2003.44 1.1513
2003.45 -3.08693
2003.46 0.0278979
2003.47 1.52934
2003.48 3.68923
2003.5 2.52834
2003.51 2.93642
2003.52 -5.71584
2003.53 -2.16225
2003.54 -3.75921
2003.56 13.9999
2003.57 1.14724
2003.58 2.38164
2003.59 -2.50268
2003.6 0.35824
2003.61 0.899332
2003.63 7.02888
2003.64 4.33781
2003.65 0.17433
2003.66 0.823764
2003.67 2.35355
2003.69 -1.27716
2003.7 1.07847
2003.71 -0.17316
2003.72 -0.231457
2003.73 0.883008
2003.74 -2.90996
2003.75 5.43929
2003.77 1.42847
2003.78 0.412513
2003.79 2.29623
2003.8 -0.403565
2003.81 0.349169
2003.82 -0.0705343
2003.84 4.1564
2003.85 -3.13281
2003.86 0.479801
2003.87 -4.38299
2003.88 2.10147
2003.9 5.50635
2003.91 1.88914
2003.92 -4.59109
2003.93 -0.935315
2003.94 3.20027
2003.96 -1.82169
2003.96 1.00011
2003.98 1.58794
2003.99 -1.20415
2004.01 2.60545
2004.02 -3.25073
2004.03 3.63474
2004.04 -0.822167
2004.06 1.72874
2004.07 -2.28794
2004.08 2.36911
2004.09 0.996355
2004.11 -1.0628
2004.11 -0.169851
2004.13 -1.4602
2004.15 -2.69256
2004.15 1.63995
2004.17 -2.25945
2004.18 -0.678122
2004.19 -2.75356
2004.2 -3.25699
2004.21 0.489454
2004.22 -1.52938
2004.23 -0.693037
2004.25 -1.19432
2004.26 1.87002
2004.27 4.7907
2004.28 0.449824
2004.3 3.4773
2004.31 6.64232
2004.32 1.57484
2004.33 -5.77062
2004.34 0.702871
2004.36 -1.53923
2004.36 1.36214
2004.38 -0.214107
2004.39 0.462569
2004.4 2.4234
2004.42 3.50487
2004.42 3.08943
2004.44 -3.32777
2004.45 1.73112
2004.46 -0.342156
2004.48 3.62729
2004.49 3.02333
2004.5 -3.44088
2004.51 -0.469484
2004.53 1.49946
2004.54 -1.69098
2004.55 2.08587
2004.56 -13.6341
2004.57 -2.95818
2004.59 -1.60584
2004.59 -4.15294
2004.61 4.91676
2004.62 -0.441868
2004.63 2.91295
2004.64 -0.151976
2004.65 -0.273326
2004.67 -0.444736
2004.67 -1.12938
2004.69 0.157729
2004.7 6.43667
2004.71 0.911967
2004.73 -4.5124
2004.74 -2.49797
2004.75 0.0489596
2004.76 -0.121996
2004.77 -2.83445
2004.78 -0.598506
2004.8 1.85048
2004.8 2.87864
2004.82 -0.41298
2004.83 -0.933223
2004.84 -0.886924
2004.85 2.05746
2004.86 1.92414
2004.88 -2.02576
2004.88 -4.61308
2004.9 1.14198
2004.91 1.88253
2004.92 -0.199352
2004.94 1.35207
2004.95 1.97775
2004.96 -2.34434
2004.97 1.12332
2004.99 8.18392
2005 0.334113
2005.01 -5.49411
2005.02 3.0469
2005.03 1.57258
2005.05 0.0673174
2005.05 -2.87376
2005.07 0.972297
2005.08 2.34093
2005.09 -15.8258
2005.1 1.69472
2005.11 0
2005.13 -1.33707
2005.14 -1.68503
2005.15 0.861085
2005.16 0.31034
2005.18 1.3025
2005.19 -1.39385
2005.2 -1.2213
2005.21 0.557759
2005.22 0.0904568
2005.24 0.119725
2005.25 -0.761574
2005.26 -1.31243
2005.27 0
2005.28 -0.966757
2005.3 -0.668899
2005.3 -2.06687
2005.32 -3.07334
2005.33 2.26102
2005.34 0
2005.35 -1.19066
2005.36 0.147602
2005.38 1.71286
2005.39 0.505761
2005.4 0.565772
2005.41 2.74979
2005.43 0.504485
2005.44 1.0567
2005.45 0.486341
2005.46 -0.761747
2005.47 -0.453259
2005.48 -1.496
2005.49 -0.782665
2005.51 -0.0587027
2005.52 2.41729
2005.53 1.84537
2005.54 2.601
2005.55 0
2005.57 14.5483
2005.58 -0.488456
2005.59 -1.4197
2005.6 0.589586
2005.61 -2.25935
2005.62 -0.339405
2005.64 0.114299
2005.65 -0.14171
2005.66 -0.703568
2005.67 -0.791846
2005.68 -1.77649
2005.7 -1.28917
2005.71 0.210502
2005.72 -1.49185
2005.73 2.68928
2005.74 3.22169
2005.76 -2.3753
2005.76 -0.661122
2005.78 -1.97796
2005.79 2.77014
2005.8 -1.87086
2005.81 -1.63269
2005.82 -0.282015
2005.84 0.93689
2005.85 0.727452
2005.86 1.86653
2005.87 4.41553
2005.88 2.61839
2005.89 -1.25658
2005.91 0.412797
2005.92 0.122374
2005.93 -0.876751
2005.94 0.67478
2005.95 0.141571
2005.97 -0.476635
2005.97 0
2005.99 -0.145757
2006.01 -0.695985
2006.02 -1.66407
2006.03 -1.27676
2006.05 0.724641
2006.06 -0.433543
2006.07 2.44688
2006.08 -0.311874
2006.09 -10.8902
2006.1 1.71757
2006.12 -1.72824
2006.13 -0.280577
2006.14 1.11675
2006.16 -0.890524
2006.16 -0.648651
2006.18 0.189728
2006.19 0.276472
2006.2 -0.0542005
2006.21 0.664638
2006.22 -0.892863
2006.24 1.2405
2006.24 -0.382514
2006.26 1.53828
2006.27 -1.3026
2006.28 1.3471
2006.3 1.66739
2006.31 -0.66834
2006.32 -0.139802
2006.33 -0.608962
2006.34 1.64009
2006.35 -1.97108
2006.37 0.152648
2006.38 3.11455
2006.39 -3.12024
2006.4 1.22735
2006.41 1.32034
2006.43 -0.239163
2006.44 0.683205
2006.45 0.625467
2006.46 -0.0570125
2006.47 -0.766917
2006.48 -0.791813
2006.49 0.414508
2006.51 -0.838863
2006.52 -0.363891
2006.53 -2.43073
2006.54 2.91326
2006.56 3.31882
2006.57 1.13595
2006.58 -2.14254
2006.59 2.22314
2006.6 -0.570669
2006.62 1.74909
2006.62 3.99773
2006.64 0.849563
2006.65 0.214286
2006.66 3.8217
2006.68 1.46901
2006.68 2.58979
2006.7 -0.157754
2006.71 -1.36225
2006.72 -6.09749
2006.73 2.20883
2006.74 0.875553
2006.76 3.28916
2006.77 2.39514
2006.78 1.92603
2006.79 -0.39957
2006.8 0.0921517
2006.81 11.3711
2006.83 -0.235633
2006.84 -0.293294
2006.85 1.45495
2006.86 1.07555
2006.87 2.59199
2006.88 -0.258854
2006.9 -1.28853
2006.91 -0.711223
2006.92 -0.789712
2006.93 -2.02552
2006.94 -0.596243
2006.95 2.50551
2006.97 1.48561
2006.98 -1.09946
2006.99 -1.88282
2007.01 -1.37183
2007.02 -1.68161
2007.04 1.197
2007.05 0.108108
2007.06 2.25278
2007.08 1.56169
2007.08 2.69756
2007.1 2.94334
2007.11 -0.97662
2007.12 2.08944
2007.14 2.88388
2007.15 -0.53803
2007.16 0.795182
2007.17 -1.71265
2007.18 -0.680097
2007.19 -2.58399
2007.2 0.185112
2007.22 3.11329
2007.23 0.0769329
2007.24 1.18763
2007.25 1.88708
2007.27 -0.0479962
2007.28 1.40562
2007.29 -0.288025
2007.3 0.692044
2007.31 23.8621
2007.33 -2.04962
2007.33 1.63739
2007.35 1.647
2007.36 1.04508
2007.37 4.26559
2007.38 7.60244
2007.39 0.505964
2007.41 0.329773
2007.42 2.64764
2007.43 -0.346429
2007.44 -1.55766
2007.45 0.637386
2007.47 -1.02225
2007.48 -0.290867
2007.49 1.09466
2007.5 -0.230117
2007.52 4.39662
2007.53 2.87088
2007.54 0.135612
2007.55 -2.37285
2007.56 21.8715
2007.57 -1.60733
2007.58 3.05717
2007.6 0.177058
2007.61 0.899999
2007.62 -1.46749
2007.63 -0.427465
2007.64 -1.54047
2007.65 -3.13837
2007.66 1.5512
2007.68 2.895
2007.69 3.46692
2007.7 0.582759
2007.71 0.281294
2007.73 1.40304
2007.74 -0.0535303
2007.75 -1.13044
2007.76 1.26018
2007.77 -0.694813
2007.79 -2.0121
2007.79 -0.776057
2007.81 9.92955
2007.82 2.00893
2007.83 1.026
2007.84 -1.89028
2007.85 -4.05635
2007.87 3.64697
2007.87 0.95878
2007.89 -0.786766
2007.9 5.14224
2007.91 1.56923
2007.93 -1.30066
2007.94 -1.37727
2007.95 1.21953
2007.96 2.09334
2007.97 0.747914
2007.99 1.49655
2008 3.8228
2008.02 0.0337819
2008.02 -1.13289
2008.04 -3.2251
2008.05 -0.450339
2008.06 4.88095
2008.08 -2.49729
2008.08 -4.03127
2008.1 -5.12276
2008.11 2.27328
2008.12 -2.5143
2008.14 2.14117
2008.15 1.63746
2008.16 -4.35478
2008.17 4.55585
2008.18 2.12891
2008.19 -0.957661
2008.21 -2.50848
2008.22 4.21379
2008.23 -1.83935
2008.25 2.18355
2008.25 -3.19113
2008.27 0.518808
2008.28 -3.86917
2008.29 2.84199
2008.3 0.0998253
2008.31 -4.17226
2008.33 -1.51192
2008.33 -2.61711
2008.35 -3.39881
2008.36 2.88573
2008.37 2.55469
2008.38 -1.92632
2008.39 -1.15476
2008.41 0.336596
2008.42 -0.149682
2008.43 -4.69991
2008.44 -2.98301
2008.46 3.14566
2008.47 2.08666
2008.48 -1.29742
2008.49 -2.17285
2008.5 -3.00588
2008.52 3.45727
2008.53 -3.00375
2008.54 6.93011
2008.55 -0.930239
2008.56 10.9717
2008.57 2.89274
2008.58 -0.77586
2008.6 -1.29773
2008.61 8.99776
2008.62 1.53391
2008.63 -2.2142
2008.64 2.37372
2008.65 -0.0366995
2008.67 0.73974
2008.68 1.47567
2008.69 -2.9531
2008.71 -1.23363
2008.71 6.7034
2008.73 -4.32271
2008.74 -1.9331
2008.75 -4.46892
2008.76 -2.67731
2008.77 -8.585
2008.79 -10.4608
2008.79 0.713298
2008.81 -0.478947
2008.82 1.25839
2008.83 -0.316902
2008.84 4.69356
2008.85 4.12793
2008.87 -10.8004
2008.88 -5.06002
2008.89 -2.28598
2008.9 -0.732085
2008.92 -5.3638
2008.93 4.56147
2008.94 -0.311709
2008.95 6.03198
2008.96 1.03961
2008.97 -3.39283
2008.99 0.658789
2009 1.01922
2009.01 5.92527
2009.02 -2.92912
2009.04 -5.92529
2009.05 -6.30019
2009.06 1.3722
2009.07 3.88713
2009.09 3.88479
2009.1 3.41308
2009.11 -5.23116
2009.12 -1.10047
2009.13 -0.643606
2009.15 6.11297
2009.16 3.8548
2009.17 4.9176
2009.18 -1.96438
2009.19 1.50597
2009.21 6.32033
2009.21 -0.199914
2009.23 -0.564701
2009.24 1.29616
2009.25 3.79116
2009.26 -3.23155
2009.28 -1.04594
2009.29 3.3433
2009.3 1.49705
2009.31 4.66553
2009.32 -3.21873
2009.34 1.02061
2009.34 -3.36114
2009.36 -0.868793
2009.37 -2.03087
2009.38 0.128337
2009.4 3.57111
2009.41 0.436906
2009.42 0.879204
2009.43 -1.37997
2009.44 -1.04482
2009.45 -1.24601
2009.46 1.65293
2009.48 2.02619
2009.49 -1.01852
2009.5 -2.8339
2009.51 2.26168
2009.53 4.82809
2009.54 1.82825
2009.55 0.880168
2009.56 -8.1882
2009.57 -0.755969
2009.59 1.94001
2009.59 0.213321
2009.61 -1.04763
2009.62 -1.213
2009.63 1.0659
2009.64 -0.589972
2009.65 0.368368
2009.67 -2.5321
2009.67 0.521199
2009.69 1.93877
2009.7 -0.370349
2009.71 -0.17707
2009.73 -1.47212
2009.74 1.84978
2009.75 -2.5164
2009.76 2.49484
2009.77 0.513278
2009.78 2.73562
2009.8 -0.673687
2009.8 0.0321079
2009.82 -2.08349
2009.83 -3.12383
2009.84 -1.0787
2009.85 0.371733
2009.86 0.476118
2009.88 -0.258713
2009.88 0.518076
2009.9 0.816576
2009.91 1.88774
2009.92 -2.57593
2009.94 -2.10994
2009.95 -2.08647
2009.96 -1.13606
2009.97 0.720345
2009.99 0.604797
2010 -1.45385
2010.01 -1.82818
2010.03 -2.43351
2010.04 -1.37256
2010.05 -1.44444
2010.07 -0.926622
2010.07 2.63702
2010.09 -0.63294
2010.1 1.24289
2010.11 -0.56927
2010.13 -1.79608
2010.13 -0.475383
2010.15 2.09326
2010.16 5.05582
2010.17 2.07538
2010.18 -0.996417
2010.19 -1.32632
2010.21 -0.342037
2010.22 0.0920175
2010.23 5.09301
2010.24 1.07473
2010.26 -0.243069
2010.27 4.41648
2010.28 -0.73927
2010.29 -2.53495
2010.3 1.53463
2010.31 2.39401
2010.32 1.69351
2010.34 -5.73253
2010.34 -2.94081
2010.36 2.58025
2010.37 0.295215
2010.38 -3.99562
2010.39 2.21889
2010.4 -0.98351
2010.42 1.9211
2010.43 -2.6325
2010.44 -0.146199
2010.45 0.0472925
2010.47 -2.64127
2010.48 -2.60253
2010.49 -8.12248
2010.5 -1.65383
2010.51 2.4299
2010.53 3.40549
2010.54 -2.96842
2010.55 -2.24823
2010.56 -0.396174
2010.57 -0.230779
2010.59 1.93828
2010.59 0.382589
2010.61 -3.21259
2010.62 1.10067
2010.63 -1.61733
2010.64 -1.64859
2010.65 1.41553
2010.67 5.95544
2010.68 -1.13765
2010.69 1.45678
2010.7 -0.206044
2010.72 1.98925
2010.73 0.669557
2010.74 0.206851
2010.75 -2.15602
2010.76 -3.45941
2010.77 -1.63332
2010.78 0.231735
2010.8 -3.03533
2010.8 2.4904
2010.82 -1.44612
2010.83 -1.61683
2010.84 0.272674
2010.85 -1.00509
2010.86 -2.79143
2010.88 0.360612
2010.89 3.3236
2010.9 -0.0282127
2010.91 0.653504
2010.93 1.34003
2010.94 -0.82019
2010.95 -0.178064
2010.96 -0.258703
2010.97 0.00541257
2010.99 -0.578148
2011 -1.51622
2011.01 1.29422
2011.02 -0.437637
2011.03 0.784615
2011.05 -2.31683
2011.06 -0.321789
2011.07 5.03664
2011.08 1.44553
2011.09 1.26989
2011.11 1.21622
2011.12 0.616327
2011.13 0.609009
2011.15 -2.09473
2011.16 -2.25383
2011.17 0.446624
2011.18 -1.30371
2011.19 1.15498
2011.2 -0.230457
2011.22 1.65475
2011.22 3.43652
2011.24 3.06446
2011.25 0
2011.26 -1.37483
2011.27 -0.36339
2011.28 -0.258164
2011.3 0.268787
2011.31 -0.253158
2011.32 -0.796532
2011.33 -1.37126
2011.34 0.248284
2011.36 0.215517
2011.37 -5.0888
2011.38 0.863882
2011.39 -1.51483
2011.4 -0.447152
2011.42 0.647587
2011.43 0.996686
2011.44 -1.67464
2011.45 -2.11744
2011.47 0.721755
2011.47 1.31161
2011.49 0.545096
2011.5 2.41569
2011.51 1.1835
2011.53 -0.622967
2011.53 1.17662
2011.55 -1.15774
2011.56 -1.40929
2011.57 0.618254
2011.58 -4.44394
2011.59 0.603693
2011.61 -5.49209
2011.62 0.32079
2011.63 -7.08977
2011.64 8.63399
2011.65 3.70091
2011.66 2.02283
2011.68 2.90039
2011.69 -2.739
2011.7 1.37528
2011.71 0.993792
2011.72 -3.79742
2011.74 -2.48438
2011.74 -2.83147
2011.76 3.24102
2011.77 2.88579
2011.78 -0.279094
2011.79 0.637587
2011.8 0.499585
2011.82 -13.5325
2011.83 -1.76873
2011.84 1.23069
2011.85 0.455184
2011.86 3.08306
2011.87 -2.71758
2011.89 -4.08452
2011.9 -3.5492
2011.91 2.04904
2011.93 0.107069
2011.93 -2.5092
2011.95 -4.87084
2011.96 0
2011.97 -4.5795
2011.99 -0.571349
2011.99 -0.438092
2012.01 0.056319
2012.02 0.435877
2012.03 1.40541
2012.05 2.61027
2012.06 0.487819
2012.07 1.05483
2012.08 -8.01713
2012.1 -2.44875
2012.11 -0.269935
2012.12 -0.15148
2012.13 1.41823
2012.15 -0.94028
2012.16 2.90916
2012.17 -0.411867
2012.18 1.46908
2012.19 -0.505834
2012.2 1.18357
2012.22 3.605
2012.22 1.36281
2012.24 -2.10534
2012.25 -2.22697
2012.26 0.205984
2012.28 0.528072
2012.29 -1.58309
2012.3 0.0156998
2012.31 1.10417
2012.32 14.6225
2012.33 0.0912468
2012.35 0.520985
2012.36 1.65014
2012.37 0.652779
2012.38 -2.08702
2012.39 0.901511
2012.41 0.869896
2012.42 -2.22743
2012.43 2.05647
2012.44 -0.910393
2012.45 -0.130481
2012.47 0.613403
2012.47 0.718274
2012.49 0.00443233
2012.5 0.423887
2012.51 -0.88917
2012.53 -0.516136
2012.54 -1.09578
2012.55 3.9226
2012.56 -1.32281
2012.57 7.57364
2012.58 -0.519995
2012.6 -0.417947
2012.61 -0.136624
2012.62 0.322144
2012.63 -0.157441
2012.64 1.51283
2012.65 -0.743376
2012.66 -0.36486
2012.68 -0.671931
2012.69 -0.794224
2012.7 1.78732
2012.71 0.290276
2012.72 -1.2889
2012.74 -1.11128
2012.75 -0.912455
2012.76 1.76228
2012.77 -3.17661
2012.78 -0.764523
2012.79 1.44479
2012.81 -2.62584
2012.82 -2.46795
2012.84 -0.32256
2012.85 1.36898
2012.86 -0.458494
2012.87 -1.62388
2012.88 1.96955
2012.9 0.774208
2012.91 1.51274
2012.92 -0.684743
2012.93 -0.23259
2012.94 1.17162
2012.95 -0.82328
2012.97 -0.929809
2012.98 0.659505
2012.99 -1.26853
2013.01 0.453674
2013.02 -0.777807
2013.03 0.975105
2013.04 -1.09832
2013.06 -0.711773
2013.07 3.77837
2013.08 4.65654
2013.09 -1.91251
2013.1 -0.761799
2013.11 0.577622
2013.12 -1.55338
2013.14 -0.176576
2013.15 -0.196445
2013.16 0.554708
2013.18 -0.655286
2013.19 -1.08173
2013.2 -3.46163
2013.21 -0.575541
2013.22 1.70603
2013.23 1.8988
2013.25 0.651518
2013.26 -1.39928
2013.27 1.38049
2013.28 -1.90538
2013.29 -3.02973
2013.31 2.00965
2013.31 -7.51614
2013.33 -2.22302
2013.34 -0.907027
2013.35 0.570505
2013.36 1.43385
2013.37 2.1648
2013.39 -2.21889
2013.4 2.09826
2013.41 0.884285
2013.42 0.551731
2013.44 1.50557
2013.45 1.50516
2013.46 1.32187
2013.47 -0.0292612
2013.48 1.99403
2013.5 1.57562
2013.51 0.649228
2013.52 0.274038
2013.53 -0.319156
2013.54 -1.49481
2013.56 -0.800613
2013.56 2.79832
2013.58 -0.394282
2013.59 -1.06412
2013.6 -0.394837
2013.61 -0.92101
2013.62 -0.577642
2013.64 -0.881649
2013.65 -1.31896
2013.66 0.848721
2013.67 1.66201
2013.69 1.2929
2013.7 -0.260652
2013.71 2.70246
2013.72 1.36221
2013.73 -0.472256
2013.74 -1.07215
2013.75 -1.8103
2013.77 -2.21775
2013.77 1.85702
2013.79 1.32603
2013.8 -0.75988
2013.81 1.65414
2013.82 1.25962
2013.83 -1.39138
2013.85 -0.757971
2013.86 1.15514
2013.87 3.09027
2013.88 -0.339206
2013.89 0.914702
2013.9 1.3905
2013.92 -1.9667
2013.93 0.637765
2013.94 -1.45202
2013.96 1.22349
2013.96 -0.194648
2013.98 -0.927554
2013.99 -1.19022
2014.01 -0.385187
2014.02 0.972568
2014.03 -1.69409
2014.04 -0.0176841
2014.06 -0.618551
2014.07 -0.341139
2014.08 4.77981
2014.09 0.518647
2014.1 1.81374
2014.11 -3.52759
2014.13 -1.04079
2014.14 -0.872872
2014.15 0.412188
2014.17 -0.642768
2014.18 -0.0564114
2014.19 -0.462575
2014.2 0.598459
2014.21 -1.47342
2014.22 -2.46198
2014.23 -1.44896
2014.25 1.94895
2014.25 -3.23503
2014.27 1.43883
2014.28 1.33199
2014.29 0.379291
2014.31 -1.44979
2014.32 -2.41513
2014.33 1.22873
2014.34 -4.17228
2014.35 1.35044
2014.36 -2.33132
2014.38 -0.316254
2014.39 -0.0327912
2014.4 -0.212567
2014.42 -1.19411
2014.42 5.32845
2014.44 1.48812
2014.45 0.110393
2014.46 2.6547
2014.47 0.93333
2014.48 -0.535882
2014.5 2.31609
2014.51 -1.17431
2014.52 -0.623213
2014.53 -0.247977
2014.54 1.74662
2014.56 -0.751068
2014.57 -1.1173
2014.58 -2.99629
2014.59 -0.424941
2014.6 1.70318
2014.61 2.15621
2014.63 0.269403
2014.64 -0.8584
2014.65 2.31126
2014.66 -0.288629
2014.67 2.02941
2014.69 -3.74697
2014.7 0.202512
2014.71 -1.15381
2014.72 -2.07991
2014.73 -1.93195
2014.74 0.192469
2014.75 1.35071
2014.77 1.78844
2014.78 -1.59915
2014.79 -1.02164
2014.8 2.93486
2014.81 -8.70869
2014.82 -0.498551
2014.84 0.0850813
2014.85 0.0404613
2014.86 2.23629
2014.87 3.52047
2014.88 0.494268
2014.9 0.90084
2014.91 1.50849
2014.92 -3.05246
2014.93 -1.9346
2014.94 0.495761
2014.96 -3.66351
2014.96 0.726205
2014.98 -1.07006
2014.99 -0.559181
2015.01 -2.07307
2015.02 0.681274
2015.03 1.13624
2015.04 1.31214
2015.06 4.30305
2015.07 -0.944184
2015.08 12.8495
2015.09 0.329529
2015.11 -0.998886
2015.11 0.539672
2015.13 -0.55021
2015.15 -0.921719
2015.15 -0.148014
2015.17 -0.272642
2015.18 -2.01591
2015.19 -0.8534
2015.2 0.744703
2015.21 -0.507759
2015.22 -0.272296
2015.23 0.87003
2015.25 -0.495717
2015.26 -0.699972
2015.27 -0.232318
2015.28 -0.431977
2015.3 3.64713
2015.31 0.0487311
2015.32 -2.13173
2015.33 0.258086
2015.34 -0.497448
2015.36 -0.193875
2015.36 1.2594
2015.38 -0.833575
2015.39 -0.931036
2015.4 -1.13055
2015.42 0.016243
2015.42 -0.893061
2015.44 1.23564
2015.45 -1.46443
2015.46 2.67083
2015.47 2.19893
2015.48 -0.455469
2015.5 0.757331
2015.51 0.155828
2015.52 2.07776
2015.53 -0.945236
2015.55 1.0483
2015.56 -1.25511
2015.57 -1.01756
2015.58 -0.113702
2015.59 0.956125
2015.61 0.263706
2015.61 0.71052
2015.63 -0.0373785
2015.64 -4.21939
2015.65 7.11676
2015.66 -0.993307
2015.67 -1.14848
2015.69 -0.125677
2015.7 -1.53407
2015.71 2.15341
2015.72 -1.83849
2015.73 -1.79589
2015.74 3.13928
2015.76 2.07028
2015.77 -1.63337
2015.78 -0.234743
2015.79 1.46843
2015.8 -0.915247
2015.82 1.5866
2015.82 1.51975
2015.84 -0.484984
2015.85 0.565763
2015.86 2.03618
2015.87 0.846409
2015.88 -0.342688
2015.9 -1.16138
2015.91 -1.26452
2015.92 -1.45429
2015.93 1.11346
2015.94 -3.40463
2015.96 2.56758
2015.97 0.0556866
2015.98 -0.137207
2015.99 -0.708596
2016.01 -0.503629
2016.02 -0.146497
2016.03 -6.01665
2016.05 0.751318
2016.06 3.64733
2016.07 -3.02235
2016.08 -2.09853
2016.09 0.972532
2016.11 -1.2431
2016.11 0.644972
2016.13 -1.71848
2016.15 -1.17941
2016.15 0.0144059
2016.17 0.201855
2016.18 -2.16892
2016.19 -0.0965594
2016.2 0.634566
2016.21 -1.32433
2016.22 1.61935
2016.24 2.38397
2016.25 0.815345
2016.26 2.68317
2016.28 0.223427
2016.28 0.959891
2016.3 -1.17951
2016.31 -1.67802
2016.32 -1.68543
2016.33 3.61202
2016.34 -1.776
2016.36 3.37314
2016.36 -1.12198
2016.38 0.31306
2016.39 -0.86456
2016.4 0.921831
2016.42 -0.464559
2016.43 0.163876
2016.44 0.138897
2016.45 0.566034
2016.46 -1.56194
2016.47 -0.731908
2016.49 -1.09329
2016.5 0.00279202
2016.51 1.29769
2016.53 1.06296
2016.53 -0.192742
2016.55 0.525739
2016.56 0.0577456
2016.57 0.146716
2016.58 1.16998
2016.59 0.809037
2016.61 0.228038
2016.61 0.171001
2016.63 0.0771887
2016.64 0.286125
2016.65 0.259814
2016.66 -0.482165
2016.67 0.235905
2016.69 -0.053553
2016.7 -1.36773
2016.71 1.14068
2016.72 1.21278
2016.74 -0.82123
2016.74 0.0398077
2016.76 -0.324406
2016.77 -0.265304
2016.78 0.371149
2016.79 -1.2238
2016.8 -0.905406
2016.82 -0.347822
2016.82 -5.27375
2016.84 -2.55983
2016.85 3.88105
2016.86 -3.89679
2016.87 3.30603
2016.88 0.495857
2016.9 -0.665621
2016.91 -0.55582
2016.92 -0.446098
2016.93 0.742607
2016.95 -1.11724
2016.96 -1.02236
2016.97 0.679156
2016.98 -0.753154
2016.99 -0.908101
2017.01 0.464648
2017.02 0.11677
2017.03 1.8132
2017.05 -0.27702
2017.06 1.17453
2017.07 0.313905
2017.08 -0.834419
2017.09 -3.60613
2017.1 0.88347
2017.12 1.09016
2017.13 0.170741
2017.14 -0.0969598
2017.16 0.401441
2017.16 -0.490016
2017.18 -0.0697211
2017.19 -0.0633284
2017.2 0.0515978
2017.21 0.545255
2017.22 -0.0802175
2017.24 1.07822
2017.24 1.15721
2017.26 0.269812
2017.27 1.3497
2017.28 -1.29824
2017.3 -0.508049
2017.31 0.983432
2017.32 0.994715
2017.33 -0.136133
2017.34 -0.361171
2017.35 -0.406992
2017.37 -0.352213
2017.38 1.44282
2017.39 0.0895866
2017.4 0.241312
2017.41 0.133634
2017.43 -0.828066
2017.44 -3.21463
2017.45 -0.441432
2017.46 0.752438
2017.47 -0.0928381
2017.48 -1.74556
2017.49 -0.815875
2017.51 -0.646516
2017.52 -0.235107
2017.53 0.117852
2017.54 0.235942
2017.56 1.28645
2017.57 -0.647992
2017.58 0.847804
2017.59 0.0668544
2017.6 -0.794188
2017.62 1.56925
2017.62 -1.81668
2017.64 1.41759
2017.65 -0.757761
2017.66 1.40819
2017.68 -1.33574
2017.68 -1.39513
2017.7 1.71734
2017.71 -1.28509
2017.72 -0.883459
2017.73 -0.1267
2017.74 0.516233
2017.76 0.868641
2017.77 0.142383
2017.78 0.594213
2017.79 0.276859
2017.8 -0.375731
2017.81 -0.30685
2017.83 0.895203
2017.84 -0.860825
2017.85 0.223725
2017.86 -0.335331
2017.87 -0.896835
2017.88 -0.316465
2017.9 2.54821
2017.91 -2.74597
2017.92 -2.47367
2017.93 0.643558
2017.94 -0.329044
2017.95 0.41472
2017.97 -0.825371
2017.98 0.716388
2017.99 -1.412
2018.01 0.446603
2018.02 0.466481
2018.03 2.20934
2018.05 -0.129814
2018.06 2.61962
2018.07 1.73386
2018.08 0.904913
2018.1 -2.83357
2018.1 -4.79117
2018.12 2.01954
2018.13 -0.898142
2018.14 0.16305
2018.16 -0.657242
2018.16 0.454283
2018.18 0.477508
2018.19 1.22748
2018.2 -0.54707
2018.21 2.65581
2018.22 -3.24714
2018.24 -4.48296
2018.25 1.45152
2018.26 -3.25688
2018.27 -0.640523
2018.29 0.74575
2018.3 1.88481
2018.31 -3.88033
2018.32 3.53756
2018.33 -0.79824
2018.34 1.20652
2018.35 0.0671416
2018.37 -1.59996
2018.38 -0.468295
2018.39 1.28549
2018.41 0.168787
2018.41 0.728797
2018.43 -0.0353751
2018.44 0.304171
2018.45 1.1083
2018.46 0.635524
2018.47 -0.84449
2018.48 -1.82485
2018.5 0.819092
2018.51 0.639229
2018.52 0.68209
2018.54 0.520421
2018.54 -1.63849
2018.56 1.50034
2018.57 0.511412
2018.58 1.1039
2018.59 1.33261
2018.6 0.634085
2018.62 1.2291
2018.62 -0.228189
2018.64 1.13403
2018.65 1.16305
2018.66 0.213978
2018.68 -2.21558
2018.69 -0.671281
2018.7 -0.00653288
2018.71 1.71578
2018.72 -1.51791
2018.73 0.0151912
2018.75 0.0678751
2018.76 -2.24442
2018.77 0.315951
2018.78 3.94866
2018.79 0.644636
2018.8 1.42235
2018.81 6.84872
2018.83 -0.551262
2018.84 0
2018.85 6.63398
2018.86 -4.51397
2018.87 1.26957
2018.88 -1.11912
2018.9 5.14288
2018.91 -0.249454
2018.92 -6.04469
2018.94 0.727798
2018.95 -0.310668
2018.96 1.99004
2018.97 -5.87708
2018.99 -0.631532
2019 2.44397
2019.02 3.37765
2019.02 -0.193029
2019.04 3.4848
2019.05 0.175835
2019.06 0.905026
2019.08 -2.72375
2019.08 -5.53212
2019.1 -1.12457
2019.11 0.174886
2019.12 -1.06356
2019.14 -0.337258
2019.15 0.0882189
2019.16 -0.0768029
2019.17 -0.220745
2019.18 -0.317241
2019.19 1.05295
2019.21 1.72475
2019.22 1.21609
2019.23 0.534014
2019.24 0.412474
2019.25 0.369779
2019.27 0.682372
2019.27 -0.176629
2019.29 0.980075
2019.3 1.36678
2019.31 0.0262892
2019.33 -0.616315
2019.33 3.19134
2019.35 -0.16829
2019.36 -3.62583
2019.37 1.9277
2019.38 -0.0780338
2019.39 0.428717
2019.41 -0.157888
2019.42 2.1548
2019.43 2.79189
2019.44 -0.450656
2019.46 0.871215
2019.47 0.491251
2019.48 -1.87919
2019.49 -0.56083
2019.5 0.242167
2019.52 1.82616
2019.53 0.495013
2019.54 -0.893077
2019.55 1.06883
2019.56 -1.35813
2019.57 -0.730524
2019.58 -1.7442
2019.6 0.311062
2019.61 -1.26153
2019.62 0.743696
2019.63 -0.814932
2019.64 -3.09736
2019.65 0.137266
2019.67 0.759929
2019.68 -0.392468
2019.69 0.133938
2019.71 -1.72741
2019.71 0.222037
2019.73 -2.47765
2019.74 -0.830525
2019.75 -1.30015
2019.76 -0.402609
2019.77 -0.100519
2019.79 1.76669
2019.79 -1.69087
2019.81 -0.201821
2019.82 0.890234
2019.83 -0.18725
2019.84 -0.163598
2019.85 -0.129829
2019.87 -1.40978
2019.88 0.746849
2019.89 -0.621798
2019.9 1.29385
2019.92 -1.07192
2019.93 -1.15448
2019.94 -0.590475
2019.95 0.0346409
2019.96 -0.370938
2019.97 0.363185
2019.99 0.0551002
2020 2.67886
2020.02 0.208943
2020.02 -0.945516
2020.04 -0.397702
2020.05 1.45235
2020.06 -1.22471
2020.08 0.255983
2020.09 -0.22527
2020.1 0.506587
2020.11 0.788387
2020.12 -0.700162
2020.14 -0.791991
2020.15 -1.8358
2020.16 -0.0291886
2020.17 3.44142
2020.19 -5.43019
2020.19 -8.2535
2020.21 6.79073
2020.22 -1.86965
2020.23 -2.83661
2020.24 3.30513
2020.25 0.581726
2020.27 0.698898
2020.28 5.99044
2020.29 4.26327
2020.3 -2.77416
2020.31 0.447847
2020.33 2.50205
2020.34 1.30162
2020.35 0.692963
2020.36 -2.18433
2020.37 0.872339
2020.38 1.96519
2020.4 -0.618269
2020.41 1.70419
2020.42 0.24198
2020.44 1.64012
2020.44 -3.43868
2020.46 1.64192
2020.47 0.789271
2020.48 -1.09152
2020.49 -0.464894
2020.5 0.402151
2020.52 2.66376
2020.53 -3.04592
2020.54 -0.298565
2020.55 -1.84847
2020.56 0.745899
2020.57 1.10047
2020.59 -1.68217
2020.6 0.621153
2020.61 -2.16711
2020.62 -0.412104
2020.63 -1.58257
2020.65 0.689917
2020.65 -1.22337
2020.67 1.3859
2020.68 -2.20282
2020.69 -2.90226
2020.71 1.69869
2020.71 -1.80498
2020.73 -4.21446
2020.74 2.51785
2020.75 2.27735
2020.76 -3.15116
2020.77 2.96755
2020.79 -2.34816
2020.8 -2.0217
2020.81 -0.268489
2020.82 2.4423
2020.83 -5.59953
2020.84 6.13111
2020.86 -5.19488
2020.87 -0.867848
2020.88 0.146814
2020.89 -0.566885
2020.9 2.12632
2020.92 1.62931
2020.93 -0.760719
2020.94 -2.32726
2020.95 1.29278
2020.96 -0.150688
2020.97 0.0106027
2020.99 3.44702
2021 -0.884033
2021.01 -2.52118
2021.03 -2.17544
2021.04 -1.22098
2021.05 4.4687
2021.07 0.0537491
2021.07 0.155791
2021.09 1.1043
2021.1 0.632934
2021.11 -0.558899
2021.13 -0.267619
2021.13 -2.38164
2021.15 -1.10073
2021.16 1.70575
2021.17 -0.917008
2021.18 3.68799
2021.19 -0.777038
2021.21 1.40891
2021.22 1.16105
2021.23 -1.33078
2021.24 -0.666778
2021.26 2.05808
2021.27 0.605288
2021.28 0.608022
2021.29 0.600428
2021.3 0.816227
2021.31 2.01847
2021.32 0.369709
2021.34 -2.22809
2021.34 -0.447406
2021.36 -2.25767
2021.37 1.46276
2021.38 0.490168
2021.39 0.432349
2021.4 -0.218181
2021.42 -1.46335
2021.43 2.04584
2021.44 -0.084218
2021.45 0.94494
2021.47 -0.949171
2021.48 -1.57463
2021.49 0.123327
2021.5 2.24694
2021.51 0.937812
2021.53 -1.11388
2021.54 -1.59813
2021.55 0.335548
2021.56 1.17395
2021.57 -0.84092
2021.59 1.03797
2021.59 -0.923989
2021.61 -0.864087
2021.62 0.152278
2021.63 -0.42167
2021.64 1.21462
2021.65 1.00907
2021.67 0.236262
2021.68 0.894193
2021.69 -0.431731
2021.7 0.744759
2021.72 -3.13274
2021.73 1.05798
2021.74 -2.67326
2021.75 -0.0542028
2021.76 1.26516
2021.77 -1.29521
2021.78 0.473254
2021.8 -0.0751729
2021.8 -2.93823
2021.82 0.485185
2021.83 -1.62382
2021.84 2.71115
2021.85 2.46997
2021.86 1.50482
2021.88 0.234139
2021.89 -2.86951
2021.9 -2.14123
2021.91 -1.82286
2021.93 1.10252
2021.94 -1.13437
2021.95 -0.281108
2021.96 0.676626
2021.97 0.363151
2021.99 0.582671
2022 -1.14952
2022.01 -1.90738
2022.02 -0.659186
2022.03 -2.44665
2022.05 -1.66144
2022.06 1.3239
2022.07 0.549353
2022.08 1.07725
2022.09 12.6949
2022.11 -0.13887
2022.12 1.21476
2022.13 -2.20502
2022.15 -3.64112
2022.16 -0.146734
2022.17 -2.76997
2022.18 -1.05206
2022.19 -0.884585
2022.2 3.81948
2022.22 0.149343
2022.22 0.147681
2022.24 0.191843
2022.25 0.344503
2022.26 -3.28333
2022.27 -2.18509
2022.28 -2.49616
2022.3 -2.63861
2022.31 1.18724
2022.32 4.54839
2022.33 -0.198187
2022.34 -1.41408
2022.36 -3.25565
2022.37 -2.00529
2022.38 0.1926
2022.39 -3.2669
2022.4 3.59771
2022.42 3.09659
2022.43 -1.4448
2022.44 -5.7589
2022.45 5.10636
2022.47 2.28954
2022.48 3.51281
2022.49 1.40534
2022.51 3.53305
2022.51 -0.68142
2022.53 1.07459
2022.54 0.184769
2022.55 1.50367
2022.56 -5.36683
2022.57 9.85908
2022.59 3.91748
2022.6 -0.99212
2022.61 -1.4471
2022.62 1.11128
2022.63 -2.90186
2022.64 0.134626
2022.66 -0.73694
2022.67 0.824863
2022.68 2.63718
2022.7 2.3581
2022.7 -1.78163
2022.72 -2.00128
2022.73 -3.05532
2022.74 3.09809
2022.75 2.51673
2022.76 -0.538856
2022.77 -1.29274
2022.78 -5.1326
2022.8 -1.11482
2022.81 0.418166
2022.82 -4.14851
2022.83 -5.67336
2022.84 1.86382
2022.85 -4.36136
2022.87 -2.30842
2022.88 -2.36507
2022.89 0.797158
2022.91 0.576425
2022.91 -1.08312
2022.93 -3.07957
2022.94 -1.40439
2022.95 -0.988758
2022.96 -3.4035
2022.97 -3.49472
2022.99 -1.48007
2023.01 2.14353
2023.01 3.49917
2023.03 5.64596
2023.04 -2.13223
2023.05 3.74003
2023.07 0.888895
2023.08 -1.66678
2023.09 7.12032
2023.1 -0.0685291
2023.11 -0.643349
2023.12 1.45378
2023.14 -2.73246
2023.15 -2.451
2023.16 -2.2104
2023.18 -1.21921
2023.18 -1.79411
2023.2 2.61613
2023.21 -1.09555
2023.22 -1.91668
2023.23 -0.0917531
2023.24 1.73057
2023.25 1.49256
2023.27 0.107722
2023.28 4.56554
2023.29 -0.42918
2023.3 2.98926
2023.31 2.32244
2023.33 -3.2774
2023.34 0.337104
2023.35 0.743709
2023.36 -1.72635
2023.37 1.83491
2023.39 -1.07239
2023.39 -1.51028
2023.41 -0.891685
2023.42 0.841522
2023.43 2.46061
2023.45 0.0710848
2023.45 -1.28268
2023.47 4.17348
2023.48 1.44246
2023.49 1.90511
2023.51 -1.56145
2023.52 1.28954
2023.53 0.282542
2023.54 1.88678
2023.56 -0.927361
2023.57 0.0780078
2023.58 -1.49981
2023.59 7.94518
2023.6 -1.50476
2023.62 1.54853
2023.62 -0.810271
2023.64 -0.319781
2023.65 1.0713
2023.66 0.11853
2023.68 -0.617302
2023.68 0.275275
2023.7 2.5309
2023.71 -0.292473
2023.72 -4.50533
2023.73 -4.11331
2023.74 0.900836
2023.76 1.81159
2023.77 0.234171
2023.78 0.378559
2023.79 -0.818126
2023.8 -2.54775
2023.81 -5.73872
2023.83 3.81694
2023.84 0.777993
2023.85 2.10311
2023.86 2.0834
2023.87 -1.79936
2023.88 0.652237
2023.9 0.020445
2023.91 -0.484059
2023.92 -1.5007
2023.93 1.6198
2023.94 1.08396
2023.95 1.71496
2023.97 -1.09183
2023.98 -0.00651436
2023.99 -0.943282
2024.01 -2.66191
2024.02 1.51099
2024.03 -0.361523
2024.05 1.17297
2024.06 0.797948
2024.07 0.86471
2024.08 -2.41896
2024.1 -0.876891
2024.1 -0.405443
2024.12 -2.1703
2024.13 -0.17094
2024.14 3.49134
2024.16 -0.683382
2024.16 0.82259
2024.18 -0.350948
2024.19 -1.95221
2024.2 1.23274
2024.21 0.810552
2024.22 0.40334
2024.24 0.854443
2024.25 -0.154841
2024.26 2.77773
2024.27 0.150691
2024.29 -1.3577
2024.3 -1.14287
2024.31 1.29497
2024.32 3.36865
2024.33 2.25998
2024.34 1.32833
2024.35 0.794706
2024.37 0.267637
2024.38 0.580998
2024.39 -0.0109146
2024.41 0.771563
2024.41 -1.61911
2024.43 1.07594
2024.44 1.48645
2024.45 -1.65088
2024.46 -0.681443
2024.48 -1.8738
2024.49 2.16634
2024.5 1.40989
2024.52 -0.355635
2024.53 -2.40108
2024.54 0.155547
2024.55 -0.337983
2024.56 -3.03912
2024.57 0.382826
2024.58 -1.56855
2024.6 0.563549
2024.61 0.685222
2024.62 -0.0763906
2024.63 0.65301
2024.64 -2.23454
2024.65 -1.36541
2024.66 3.63967
2024.68 2.59681
2024.69 2.33847
2024.7 -0.273097
2024.71 -0.241093
2024.73 1.18295
