i close ma20
0 184.72 181.27
1 186.21 181.33
2 188.7 181.51
3 188.76 181.66
4 188 181.76
5 189.5 181.78
6 187.48 181.85
7 186.57 182
8 187.07 182.19
9 185.99 182.42
10 183.63 182.64
11 184.7 183.15
12 183.54 183.46
13 183.15 183.64
14 183.13 183.97
15 181.05 184.34
16 180.75 184.4
17 182.15 184.46
18 182.02 184.81
19 179.32 184.82
20 176.44 184.41
21 178.34 184.01
22 179.34 183.55
23 181.28 183.17
24 185 183.02
25 184.3 182.76
26 187.06 182.74
27 187.23 182.77
28 186.89 182.77
29 183.83 182.66
30 183.66 182.66
31 184.06 182.63
32 182.81 182.59
33 186.1 182.74
34 189.08 183.04
35 185.57 183.26
36 186.34 183.54
37 193.61 184.11
38 197.85 184.91
39 193.25 185.6
40 197.2 186.64
41 200 187.72
42 197.59 188.64
43 200 189.57
44 199.29 190.29
45 199.34 191.04
46 199.79 191.67
47 195.05 192.07
48 194.49 192.45
49 192.72 192.89
50 193.02 193.36
51 187.93 193.55
52 183.75 193.6
53 183.13 193.45
54 182.55 193.12
55 186.41 193.17
56 180.83 192.89
57 179.85 192.2
58 182.5 191.43
59 183.2 190.93
60 181.71 190.16
61 186.98 189.51
62 184.07 188.83
63 167.9 187.23
64 161.02 185.31
65 161.93 183.44
66 162.77 181.59
67 165.8 180.13
68 166.94 178.75
69 166.8 177.45
70 170.23 176.32
71 170.1 175.42
72 177.59 175.12
73 177.06 174.81
74 178.22 174.6
75 178.88 174.22
76 180.11 174.18
77 176.13 174
78 177.04 173.72
79 175.5 173.34
80 173.12 172.91
81 170.8 172.1
82 172.12 171.5
83 178.5 172.03
84 176.25 172.79
85 173.33 173.36
86 177.89 174.12
87 171.39 174.4
88 175.4 174.82
89 179.55 175.46
90 184.52 176.17
91 187 177.02
92 186.49 177.47
93 184.89 177.86
94 186.88 178.29
95 186.43 178.67
96 189.87 179.15
97 191.6 179.93
98 193.88 180.77
99 193.96 181.69
