recall precision
0 1
0.0684524 0.724409
0.13244 0.703557
0.179315 0.635884
0.213542 0.568317
0.244048 0.51981
0.263393 0.467635
0.279762 0.425821
0.299851 0.399405
0.313988 0.371806
0.331101 0.352895
0.337798 0.327325
0.34747 0.308658
0.357143 0.292862
0.364583 0.27762
0.374256 0.265997
0.380208 0.253347
0.388393 0.243584
0.39881 0.236227
0.408482 0.229228
0.418899 0.223324
0.424107 0.215338
0.433036 0.209881
0.441964 0.204898
0.448661 0.199339
0.454613 0.193907
0.459077 0.188282
0.468006 0.184837
0.473958 0.180504
0.479911 0.176471
0.485119 0.172441
0.495536 0.170463
0.501488 0.167121
0.508185 0.164222
0.517113 0.162194
0.526786 0.160508
0.531994 0.157593
0.536458 0.154621
0.540923 0.151806
0.549107 0.150153
0.552827 0.147391
0.561756 0.14612
0.566964 0.143964
0.574405 0.142462
0.579613 0.140487
0.584821 0.1386
0.592262 0.137312
0.599702 0.13608
0.607887 0.135064
0.615327 0.133905
0.630208 0.134402
0.635417 0.132856
0.640625 0.13137
0.648065 0.130389
0.651786 0.12871
0.65997 0.127957
0.668155 0.127232
0.674107 0.126114
0.681548 0.125308
0.6875 0.12426
0.692708 0.123116
0.695685 0.121618
0.701637 0.120681
0.709077 0.120025
0.718006 0.119638
0.723214 0.118652
0.727679 0.117576
0.733631 0.116769
0.74256 0.116453
0.750744 0.11603
0.75744 0.115393
0.761161 0.114327
0.771577 0.114283
0.776786 0.113478
0.779762 0.112374
0.786458 0.111816
0.793899 0.111389
0.799107 0.110665
0.804315 0.109958
0.811012 0.109471
0.820685 0.109392
0.825893 0.108728
0.831845 0.108166
0.838542 0.107723
0.842262 0.106913
0.848958 0.106496
0.853423 0.105812
0.859375 0.105326
0.866071 0.10494
0.870536 0.104297
0.873512 0.103491
0.874256 0.102441
0.880208 0.102009
0.887649 0.101766
0.896577 0.101696
0.901786 0.101211
0.907738 0.100818
0.912946 0.100352
0.919643 0.100057
0.924851 0.0996073
0.928571 0.0990083
0.932292 0.0984212
0.938244 0.0980789
0.938988 0.097204
0.941964 0.0965749
0.945685 0.0960332
0.946429 0.0952025
0.950149 0.0946838
0.953125 0.0941012
0.956845 0.0936022
0.963542 0.0934006
0.967262 0.0929169
0.970238 0.0923709
0.974702 0.091975
0.981399 0.0917948
0.985863 0.0914108
0.990327 0.0910272
0.994792 0.0906564
0.997024 0.0900901
1 0.0896
