recall precision
0 1
0.0677083 0.722222
0.129464 0.690476
0.182292 0.648148
0.214286 0.571429
0.24256 0.51746
0.268601 0.477513
0.282738 0.430839
0.297619 0.396825
0.314732 0.373016
0.326637 0.348413
0.331101 0.321068
0.340774 0.30291
0.348214 0.285714
0.357143 0.272109
0.369048 0.262434
0.380208 0.253472
0.388393 0.243697
0.399554 0.236772
0.409226 0.229741
0.420387 0.224206
0.425595 0.216175
0.432292 0.209596
0.436012 0.202208
0.447917 0.199074
0.456845 0.194921
0.459821 0.188645
0.466518 0.184303
0.471726 0.179705
0.485119 0.178435
0.488839 0.17381
0.49628 0.170763
0.504464 0.168155
0.509673 0.164743
0.514881 0.161531
0.522321 0.159184
0.530506 0.157187
0.534226 0.154011
0.543155 0.152433
0.549851 0.150356
0.555804 0.148185
0.561012 0.145926
0.564732 0.143397
0.572917 0.142093
0.578125 0.140126
0.58631 0.138953
0.595982 0.138175
0.60119 0.136417
0.606399 0.134733
0.616071 0.134089
0.623512 0.132995
0.62872 0.131477
0.635417 0.130322
0.645833 0.12996
0.649554 0.128288
0.656994 0.127399
0.662946 0.126258
0.668155 0.125017
0.675595 0.12423
0.683036 0.123453
0.688244 0.122322
0.692708 0.121098
0.699405 0.120297
0.706845 0.119632
0.712798 0.118755
0.717262 0.117661
0.726935 0.117442
0.735119 0.116992
0.738095 0.115739
0.745536 0.115212
0.754464 0.114927
0.764137 0.114761
0.767857 0.113719
0.77381 0.113031
0.778274 0.112148
0.785714 0.111711
0.792411 0.111181
0.797619 0.110459
0.807292 0.110365
0.810268 0.10937
0.822173 0.10959
0.831845 0.109511
0.834821 0.108563
0.84003 0.107925
0.846726 0.10749
0.85119 0.106786
0.857143 0.106283
0.862351 0.1057
0.86756 0.10513
0.872024 0.104484
0.876488 0.103853
0.883185 0.103496
0.886161 0.102717
0.892113 0.102286
0.897321 0.101789
0.899554 0.100969
0.904018 0.100413
0.908482 0.0998691
0.912202 0.0992471
0.91369 0.0983974
0.920387 0.0981279
0.924851 0.097628
0.930804 0.0972935
0.939732 0.0972736
0.944196 0.0967963
0.949405 0.0964037
0.953125 0.0958689
0.955357 0.0951957
0.962054 0.0949758
0.967262 0.0946143
0.971726 0.0941872
0.976935 0.0938393
0.981399 0.0934268
0.984375 0.0928812
0.989583 0.0925539
0.994048 0.0921634
0.994792 0.0914376
0.997024 0.0908598
0.997768 0.0901573
1 0.0896
