x y v
0 7 1
1 7 0.892572
2 7 0.872428
3 7 0.823211
4 7 0.704849
5 7 0.792457
6 7 0.755356
7 7 0.747909
0 6 0.892572
1 6 1
2 6 0.943687
3 6 0.865258
4 6 0.661772
5 6 0.737465
6 6 0.70305
7 6 0.684916
0 5 0.872428
1 5 0.943687
2 5 1
3 5 0.893637
4 5 0.672219
5 5 0.735489
6 5 0.704651
7 5 0.680852
0 4 0.823211
1 4 0.865258
2 4 0.893637
3 4 1
4 4 0.662483
5 4 0.717927
6 4 0.688652
7 4 0.659778
0 3 0.704849
1 3 0.661772
2 3 0.672219
3 3 0.662483
4 3 1
5 3 0.967424
6 3 0.966999
7 3 0.911474
0 2 0.792457
1 2 0.737465
2 2 0.735489
3 2 0.717927
4 2 0.967424
5 2 1
6 2 0.9659
7 2 0.926656
0 1 0.755356
1 1 0.70305
2 1 0.704651
3 1 0.688652
4 1 0.966999
5 1 0.9659
6 1 1
7 1 0.985286
0 0 0.747909
1 0 0.684916
2 0 0.680852
3 0 0.659778
4 0 0.911474
5 0 0.926656
6 0 0.985286
7 0 1
