day loyal_secs churn_secs loyal_unq churn_unq loyal_act churn_act
1 4.76416 5.12212 1.64636 1.79121 0.574344 0.617581
2 4.79775 5.0758 1.6552 1.77504 0.577936 0.61245
3 4.89659 5.11604 1.69694 1.79261 0.589701 0.616354
4 4.83113 4.9634 1.68953 1.75273 0.581056 0.598282
5 4.85425 4.94762 1.69282 1.74037 0.585988 0.595158
6 4.74701 4.82274 1.63677 1.67148 0.572048 0.583333
7 4.74988 4.77818 1.635 1.6684 0.573378 0.574855
8 4.76197 4.71395 1.64182 1.64564 0.574015 0.567604
9 4.79381 4.64579 1.65114 1.6178 0.578244 0.561468
10 4.93031 4.66522 1.71741 1.64218 0.5917 0.560464
11 4.85315 4.56 1.70492 1.61954 0.582879 0.548974
12 4.89958 4.53028 1.71609 1.60249 0.589371 0.543842
13 4.80353 4.37175 1.66224 1.52369 0.578068 0.526885
14 4.82469 4.38703 1.66731 1.53419 0.5811 0.528447
15 4.83902 4.31515 1.67606 1.51391 0.582363 0.517403
16 4.85956 4.31043 1.68485 1.51675 0.585472 0.517738
17 4.9984 4.38881 1.74704 1.54972 0.599807 0.526439
18 4.8759 4.16976 1.71565 1.49245 0.585691 0.499331
19 4.93161 4.15934 1.72723 1.48837 0.593963 0.498773
20 4.91754 4.09236 1.705 1.44438 0.592678 0.490964
21 4.93004 4.08086 1.70886 1.44142 0.593084 0.490183
22 4.94564 4.00787 1.71816 1.41798 0.59449 0.480254
23 4.95592 3.93136 1.71899 1.38994 0.596325 0.471441
24 4.9626 3.94884 1.72347 1.39811 0.598357 0.47423
25 4.83407 3.72447 1.69815 1.32278 0.58099 0.446452
26 4.81408 3.66454 1.68128 1.30175 0.580573 0.438978
27 4.83587 3.65496 1.6747 1.28929 0.581583 0.438197
28 4.88529 3.61899 1.69438 1.28145 0.587921 0.43407
29 4.92063 3.58057 1.70257 1.27085 0.593293 0.42838
30 4.95956 3.56289 1.72124 1.26126 0.597577 0.427042
31 4.65942 3.27029 1.60179 1.14825 0.567259 0.395694
