fpr tpr
0 0
0.000878735 0.0171131
0.00175747 0.046131
0.00270943 0.0684524
0.00395431 0.0997024
0.00475981 0.118304
0.005785 0.130208
0.00681019 0.145833
0.00798184 0.157738
0.00908026 0.169643
0.0104716 0.186012
0.0124487 0.194196
0.0140598 0.206101
0.0164763 0.21875
0.0188196 0.226935
0.0208699 0.236607
0.0226274 0.247024
0.0246046 0.255952
0.026655 0.264137
0.030536 0.271577
0.0339045 0.279762
0.0396895 0.287202
0.0434241 0.294643
0.0468658 0.304315
0.050454 0.3125
0.05785 0.31994
0.0629028 0.327381
0.0709578 0.334821
0.0785735 0.342262
0.0868483 0.348958
0.0927065 0.355655
0.0999561 0.365327
0.104862 0.374256
0.112698 0.381696
0.119069 0.388393
0.124268 0.395833
0.12976 0.403274
0.136424 0.40997
0.140231 0.416667
0.147042 0.424107
0.156561 0.430804
0.170475 0.4375
0.176699 0.445685
0.184388 0.453125
0.198008 0.46131
0.207308 0.46875
0.213972 0.47619
0.219318 0.482887
0.229203 0.489583
0.237258 0.497024
0.245533 0.504464
0.255858 0.511905
0.26838 0.518601
0.273286 0.525298
0.286541 0.531994
0.293204 0.53869
0.299868 0.546131
0.31012 0.552827
0.319274 0.559524
0.33553 0.56622
0.34256 0.573661
0.354203 0.581845
0.360208 0.588542
0.37024 0.59747
0.382103 0.604167
0.387815 0.612351
0.397115 0.620536
0.40766 0.627232
0.417252 0.634673
0.422305 0.642113
0.434607 0.649554
0.443322 0.656994
0.455624 0.66369
0.464851 0.670387
0.471441 0.677083
0.477519 0.68378
0.490114 0.69122
0.503002 0.698661
0.510545 0.704613
0.519039 0.71131
0.535369 0.719494
0.540202 0.728423
0.547745 0.735863
0.557777 0.74256
0.568907 0.75
0.575205 0.756696
0.581722 0.764881
0.593805 0.771577
0.607572 0.779018
0.615773 0.786458
0.624927 0.794643
0.63408 0.802827
0.646895 0.810268
0.654218 0.817708
0.658758 0.824405
0.665641 0.831845
0.679774 0.839286
0.689221 0.845982
0.701743 0.852679
0.712068 0.859375
0.72188 0.866071
0.736673 0.873512
0.750586 0.880208
0.762888 0.886905
0.771675 0.892857
0.790056 0.901042
0.805726 0.907738
0.825132 0.91369
0.835091 0.921131
0.849883 0.929315
0.8564 0.936756
0.869215 0.944196
0.880712 0.950893
0.897042 0.957589
0.908538 0.96503
0.921646 0.971726
0.931678 0.979167
0.951157 0.985863
0.960091 0.99256
1 1
