recall precision
0 1
0.0706845 0.748031
0.124256 0.660079
0.184524 0.654354
0.21503 0.572277
0.244792 0.521395
0.262649 0.466314
0.28125 0.428086
0.297619 0.396432
0.308036 0.364758
0.321429 0.342585
0.333333 0.322999
0.342262 0.304032
0.350446 0.28737
0.357143 0.271955
0.36756 0.261237
0.377976 0.251859
0.389137 0.24405
0.394345 0.233583
0.404018 0.226722
0.40997 0.218564
0.415923 0.211182
0.424107 0.205554
0.433036 0.200759
0.440476 0.195702
0.446429 0.190416
0.454613 0.186451
0.460565 0.181898
0.468006 0.178237
0.476935 0.175376
0.481399 0.171119
0.489583 0.168416
0.499256 0.166377
0.508929 0.164463
0.514137 0.16126
0.519345 0.158241
0.530506 0.157152
0.537946 0.15505
0.542411 0.152224
0.547619 0.149746
0.553571 0.14759
0.559524 0.145539
0.564732 0.143397
0.574405 0.142462
0.578125 0.140126
0.58631 0.138953
0.595982 0.138175
0.60119 0.136417
0.606399 0.134733
0.609375 0.132632
0.614583 0.13109
0.616815 0.128987
0.619792 0.127117
0.625 0.125767
0.63244 0.124908
0.637649 0.123647
0.648065 0.123424
0.654018 0.122355
0.656994 0.120793
0.666667 0.120495
0.674851 0.119926
0.680804 0.119001
0.6875 0.118234
0.692708 0.11724
0.700893 0.116772
0.709077 0.116319
0.717262 0.115879
0.728423 0.115927
0.732143 0.114806
0.740327 0.114407
0.745536 0.113567
0.749256 0.112527
0.75744 0.112176
0.765625 0.111836
0.770089 0.110968
0.778274 0.110653
0.785714 0.110241
0.78869 0.109222
0.793899 0.108534
0.798363 0.107763
0.803571 0.107111
0.80878 0.106475
0.81622 0.106144
0.827381 0.1063
0.831101 0.105507
0.837054 0.105013
0.845238 0.104807
0.849702 0.10415
0.856399 0.103778
0.858631 0.10288
0.864583 0.102442
0.870536 0.102014
0.873512 0.101251
0.879464 0.100845
0.886161 0.100532
0.891369 0.100058
0.896577 0.099595
0.901786 0.0991411
0.905506 0.0985345
0.90997 0.0980204
0.915179 0.0975958
0.918899 0.0970225
0.923363 0.0965383
0.929315 0.0962101
0.933036 0.0956595
0.94122 0.0955799
0.947173 0.0952773
0.953125 0.0949804
0.958333 0.0946154
0.962054 0.0941117
0.966518 0.0936891
0.968006 0.0929883
0.969494 0.0923001
0.97619 0.0921154
0.978423 0.0915165
0.981399 0.0909906
0.985863 0.0906169
0.99256 0.0904529
0.997024 0.0900901
1 0.0896
