fpr tpr
0 0
0.000878735 0.014881
0.00197715 0.0372024
0.00270943 0.0580357
0.00351494 0.0855655
0.00439367 0.107887
0.00556532 0.125
0.00739602 0.133929
0.00878735 0.146577
0.00995899 0.15997
0.0112771 0.174851
0.0126684 0.189732
0.0145723 0.200893
0.016696 0.213542
0.0193322 0.224702
0.0213825 0.234375
0.0232132 0.24256
0.0254101 0.252232
0.027314 0.258929
0.0296573 0.267113
0.0342707 0.27381
0.0393966 0.280506
0.0432045 0.289435
0.0481839 0.296875
0.0547012 0.305804
0.0634886 0.313988
0.0688342 0.320685
0.0722759 0.327381
0.0766696 0.334821
0.0797452 0.343006
0.0847979 0.35119
0.0887522 0.359375
0.0979789 0.368304
0.108743 0.376488
0.115847 0.383185
0.123462 0.389881
0.131664 0.397321
0.137595 0.405506
0.142575 0.412202
0.154071 0.419643
0.166667 0.426339
0.180946 0.433036
0.187317 0.439732
0.196031 0.447173
0.206722 0.453869
0.212947 0.462054
0.220562 0.46875
0.227006 0.476935
0.233231 0.484375
0.240261 0.49256
0.245021 0.500744
0.255199 0.508185
0.263913 0.516369
0.277827 0.523065
0.286101 0.529762
0.2965 0.536458
0.303237 0.544643
0.318468 0.552083
0.328793 0.561012
0.334285 0.567708
0.344537 0.575149
0.35391 0.581845
0.367091 0.588542
0.375513 0.596726
0.388108 0.603423
0.400044 0.610119
0.420694 0.616815
0.438049 0.623512
0.446251 0.630208
0.45577 0.636905
0.467267 0.646577
0.473418 0.653274
0.482132 0.662202
0.491725 0.670387
0.496192 0.678571
0.505565 0.686012
0.515598 0.692708
0.523433 0.701637
0.529071 0.708333
0.536907 0.716518
0.548184 0.723214
0.561292 0.730655
0.569493 0.738095
0.577036 0.745536
0.58824 0.752976
0.592853 0.760417
0.608231 0.767113
0.616725 0.774554
0.620387 0.78125
0.631737 0.787946
0.642648 0.795387
0.651069 0.802083
0.662712 0.810268
0.670694 0.817708
0.684022 0.824405
0.698814 0.831845
0.702622 0.839286
0.719391 0.845982
0.733158 0.853423
0.738137 0.859375
0.746558 0.866071
0.757542 0.872768
0.766403 0.879464
0.777241 0.887649
0.785076 0.895089
0.798111 0.901786
0.813196 0.908482
0.825059 0.915179
0.841462 0.921875
0.85618 0.928571
0.869435 0.936756
0.881298 0.944196
0.892428 0.950893
0.909783 0.957589
0.920401 0.964286
0.932777 0.970982
0.949326 0.979167
0.962214 0.985863
0.986819 0.993304
1 1
