fpr tpr
0 0
0.000732279 0.0200893
0.00146456 0.0334821
0.00234329 0.0580357
0.00329525 0.103423
0.00461336 0.119048
0.00571178 0.133929
0.00695665 0.147321
0.00790861 0.162946
0.00922671 0.174851
0.0113503 0.190476
0.013181 0.201637
0.0161834 0.21503
0.0184534 0.224702
0.0199912 0.235863
0.0220416 0.243304
0.0243117 0.25
0.0262888 0.25744
0.0296573 0.264137
0.0346368 0.276042
0.0386643 0.28497
0.0406415 0.293899
0.0448155 0.302083
0.0498682 0.310268
0.0538957 0.317708
0.0564587 0.326637
0.0615114 0.333333
0.0694933 0.34003
0.073594 0.346726
0.0802578 0.354911
0.0912419 0.361607
0.097686 0.369792
0.105228 0.377976
0.115114 0.386161
0.12478 0.394345
0.129174 0.401042
0.135618 0.40997
0.142941 0.417411
0.152827 0.424851
0.160369 0.433036
0.167545 0.440476
0.174941 0.447173
0.182118 0.454613
0.198667 0.46131
0.20599 0.469494
0.217707 0.477679
0.228178 0.485119
0.23389 0.491815
0.242311 0.499256
0.252709 0.506696
0.260105 0.513393
0.265744 0.520833
0.27746 0.528274
0.283978 0.53497
0.297525 0.541667
0.30536 0.549107
0.318248 0.556548
0.325791 0.563988
0.338606 0.571429
0.346954 0.578869
0.357791 0.584821
0.366286 0.592262
0.374414 0.598958
0.381737 0.606399
0.389719 0.613095
0.393527 0.619792
0.397481 0.627976
0.408538 0.636161
0.420621 0.642857
0.431239 0.649554
0.439514 0.65625
0.447862 0.66369
0.454159 0.671131
0.464924 0.677827
0.475395 0.686012
0.488943 0.694196
0.502929 0.700893
0.510252 0.708333
0.517721 0.715774
0.529511 0.723214
0.542619 0.729911
0.54855 0.738095
0.55763 0.744792
0.565978 0.751488
0.576011 0.758185
0.583626 0.764881
0.589265 0.772321
0.603764 0.779018
0.612917 0.785714
0.624634 0.793899
0.635252 0.800595
0.642135 0.807292
0.655316 0.814732
0.66198 0.822917
0.673257 0.829613
0.67809 0.83631
0.694274 0.843006
0.704599 0.849702
0.713459 0.856399
0.722759 0.863095
0.735428 0.869792
0.757176 0.876488
0.765671 0.88244
0.772774 0.889881
0.781634 0.896577
0.791227 0.903274
0.80309 0.910714
0.809461 0.917411
0.823228 0.925595
0.84051 0.932292
0.864162 0.938988
0.887156 0.946429
0.903412 0.953125
0.916081 0.959821
0.926772 0.966518
0.943615 0.973214
0.953866 0.980655
0.970562 0.986607
0.9814 0.993304
1 1
