recall precision
0 1
0.0736607 0.779528
0.133929 0.711462
0.184524 0.654354
0.21875 0.582178
0.241071 0.513471
0.267113 0.47424
0.284226 0.432616
0.302083 0.402379
0.313988 0.371806
0.328869 0.350515
0.338542 0.328046
0.346726 0.307997
0.360863 0.295912
0.373512 0.284419
0.380952 0.270756
0.388393 0.2588
0.396577 0.248717
0.403274 0.238872
0.409226 0.229645
0.416667 0.222134
0.424851 0.215716
0.433036 0.209881
0.439732 0.203863
0.451637 0.200661
0.457589 0.195176
0.468006 0.191944
0.47619 0.188069
0.485119 0.184755
0.497024 0.182763
0.505952 0.179847
0.511905 0.176094
0.514881 0.171584
0.522321 0.168791
0.530506 0.166394
0.534226 0.162775
0.540179 0.160018
0.546131 0.157409
0.551339 0.15473
0.555804 0.151984
0.563244 0.150169
0.568452 0.147861
0.575893 0.146231
0.580357 0.143938
0.585565 0.14193
0.588542 0.139482
0.59747 0.13852
0.602679 0.136755
0.607143 0.134876
0.613839 0.133582
0.625744 0.13345
0.635417 0.132856
0.638393 0.130912
0.643601 0.129472
0.651042 0.128544
0.657738 0.127506
0.662202 0.12608
0.668899 0.125122
0.675595 0.124196
0.679315 0.122765
0.686756 0.122025
0.694196 0.121326
0.697173 0.119882
0.708333 0.119869
0.715774 0.119236
0.71875 0.117891
0.725446 0.117188
0.729167 0.116031
0.738839 0.115842
0.744048 0.114969
0.755952 0.115141
0.761905 0.114413
0.766369 0.113486
0.77381 0.113019
0.779762 0.11235
0.78497 0.111593
0.793899 0.111378
0.796875 0.110344
0.803571 0.109845
0.811012 0.10946
0.815476 0.108687
0.822173 0.108227
0.828869 0.107779
0.834077 0.10715
0.841518 0.106819
0.848214 0.106403
0.854911 0.105996
0.860863 0.105508
0.866815 0.105031
0.875744 0.104921
0.880208 0.104284
0.880952 0.103226
0.886161 0.102699
0.889137 0.101936
0.892113 0.10119
0.898065 0.100793
0.903274 0.100322
0.90997 0.100025
0.91369 0.0994091
0.918899 0.0989663
0.922619 0.0983737
0.928571 0.0980284
0.935268 0.0977678
0.939732 0.0972811
0.942708 0.0966512
0.94494 0.0959577
0.948661 0.095427
0.953869 0.0950545
0.956101 0.0943951
0.96131 0.0940389
0.963542 0.0934006
0.970238 0.0932028
0.975446 0.0928668
0.97619 0.0921154
0.982143 0.0918644
0.983631 0.0912039
0.988839 0.0908967
0.993304 0.0905269
0.997768 0.0901634
1 0.0896
