x loyal churn
0.0823565 0.0985008 0.175416
0.247069 0.0737589 0.10227
0.411782 0.0652226 0.090756
0.576495 0.0703577 0.086015
0.741208 0.0756929 0.104302
0.905921 0.0814282 0.101592
1.07063 0.0929655 0.119202
1.23535 0.0963 0.128007
1.40006 0.113039 0.146293
1.56477 0.123909 0.150357
1.72949 0.143116 0.15713
1.8942 0.156788 0.171353
2.05891 0.176595 0.176094
2.22363 0.197201 0.211989
2.38834 0.216075 0.227567
2.55305 0.241884 0.237049
2.71776 0.264692 0.251949
2.88248 0.295369 0.270236
3.04719 0.325312 0.2892
3.2119 0.342719 0.322387
3.37662 0.35539 0.304778
3.54133 0.352588 0.338641
3.70604 0.343652 0.310196
3.87075 0.324379 0.310196
4.03547 0.300037 0.26685
4.20018 0.254688 0.228245
4.36489 0.21074 0.192349
4.52961 0.164056 0.165257
4.69432 0.133046 0.115815
4.85903 0.103836 0.0887241
5.02375 0.0772268 0.0690829
5.18846 0.0624216 0.0555373
5.35317 0.0506842 0.0399597
5.51788 0.0376797 0.0264141
5.6826 0.0224078 0.0203185
5.84731 0.0132713 0.0108365
6.01202 0.00753592 0.00609553
6.17674 0.00286766 0.00135457
6.34145 0.00180062 0
6.50616 0.001934 0.00135457
