fpr tpr
0 0
0.000659051 0.0230655
0.00161101 0.0453869
0.00241652 0.0855655
0.00336848 0.110863
0.00490627 0.129464
0.00593146 0.145089
0.00717633 0.154018
0.00849443 0.16369
0.00937317 0.182292
0.0112039 0.196429
0.0124487 0.206845
0.0153779 0.217262
0.0172818 0.227679
0.019918 0.235863
0.0233597 0.24628
0.0272408 0.255952
0.0289982 0.266369
0.0314148 0.27381
0.0353691 0.282738
0.0382982 0.290923
0.0423257 0.298363
0.0477446 0.30878
0.054628 0.315476
0.0579965 0.324405
0.0606327 0.331101
0.0689807 0.338542
0.0755712 0.345238
0.0799649 0.353423
0.0856034 0.360863
0.0895577 0.369048
0.0960018 0.376488
0.103325 0.383185
0.110281 0.389881
0.117897 0.397321
0.126831 0.405506
0.138108 0.412946
0.146016 0.419643
0.15539 0.427083
0.164177 0.43378
0.169523 0.440476
0.175747 0.447173
0.183729 0.454613
0.188635 0.462054
0.195665 0.470982
0.203354 0.478423
0.210237 0.485119
0.216022 0.493304
0.224297 0.501488
0.23162 0.509673
0.246998 0.516369
0.254174 0.52381
0.261204 0.530506
0.274165 0.537946
0.285369 0.544643
0.298843 0.551339
0.311219 0.558036
0.317809 0.565476
0.328281 0.573661
0.344025 0.581101
0.357352 0.589286
0.364309 0.596726
0.37705 0.603423
0.386643 0.609375
0.39382 0.616815
0.399019 0.623512
0.403632 0.630208
0.417472 0.638393
0.427578 0.645089
0.436511 0.651786
0.445958 0.658482
0.457748 0.665179
0.465949 0.671875
0.475395 0.678571
0.483963 0.685268
0.491945 0.692708
0.504174 0.700893
0.51135 0.707589
0.517135 0.714286
0.531488 0.720982
0.540568 0.727679
0.551186 0.735119
0.560267 0.741815
0.567809 0.748512
0.572203 0.756696
0.586482 0.764137
0.596221 0.771577
0.60618 0.779018
0.616066 0.785714
0.622071 0.792411
0.633568 0.799851
0.6436 0.806548
0.651508 0.813244
0.665641 0.820685
0.671646 0.827381
0.685413 0.834821
0.692955 0.842262
0.703281 0.848958
0.709944 0.855655
0.72459 0.862351
0.728251 0.869048
0.736233 0.875744
0.754101 0.88244
0.766842 0.888393
0.785149 0.895089
0.795475 0.90253
0.803237 0.909226
0.818248 0.915923
0.832601 0.923363
0.842707 0.930804
0.852739 0.938244
0.875586 0.94494
0.891696 0.952381
0.90949 0.959077
0.926333 0.966518
0.933143 0.973214
0.950937 0.979911
0.970123 0.986607
0.983597 0.993304
1 1
