t r09 r10 r11
0 1 1 1
1 0.728287 0.809207 0.890128
2 0.592174 0.731079 0.884605
3 0.498689 0.684073 0.910501
4 0.339494 0.517442 0.757587
5 0.289514 0.490294 0.789623
6 0.257918 0.485319 0.859772
7 0.170641 0.356767 0.695238
8 0.132453 0.307696 0.659573
9 0.114537 0.29564 0.697103
10 0.0908794 0.260639 0.676032
11 0.0776671 0.247497 0.706137
12 0.07514 0.266049 0.834975
13 0.0687334 0.270405 0.933512
14 0.061752 0.269933 1.02507
15 0.0567316 0.275542 1.15101
16 0.0527687 0.284771 1.30852
17 0.0479984 0.287809 1.45472
18 0.0436897 0.291081 1.61839
19 0.0390735 0.289251 1.76903
20 0.0338294 0.278256 1.87196
21 0.029391 0.26861 1.98778
22 0.0254803 0.258743 2.10624
23 0.0218374 0.24639 2.20625
24 0.0187686 0.235294 2.31758
25 0.0166473 0.231889 2.51245
26 0.0148831 0.230349 2.74534
27 0.0136432 0.234621 3.07588
28 0.0127544 0.243709 3.51452
29 0.0120168 0.255126 4.04709
30 0.0112898 0.266324 4.64719
31 0.0105515 0.276565 5.30848
32 0.00974567 0.283826 5.99263
33 0.00887165 0.287079 6.66746
34 0.00796353 0.286326 7.31496
35 0.00704086 0.281279 7.90463
36 0.00614559 0.272793 8.43276
37 0.00530857 0.261821 8.90296
38 0.00456765 0.250309 9.36266
39 0.00393577 0.239647 9.86023
