lag rnn lstm lstm3
59 4.05959e-17 2.45984e-14 0.015114
58 8.74449e-17 3.26918e-14 0.0140192
57 1.99832e-16 6.73641e-14 0.0146203
56 3.97664e-16 1.01415e-13 0.0128734
55 7.70349e-16 1.88597e-13 0.0139309
54 1.33849e-15 3.24814e-13 0.0138203
53 2.95806e-15 4.91395e-13 0.0143906
52 4.85092e-15 6.7875e-13 0.0150324
51 8.41501e-15 9.87672e-13 0.0133177
50 2.03826e-14 1.96363e-12 0.0138024
49 3.89935e-14 2.32224e-12 0.0161375
48 7.05663e-14 3.70218e-12 0.0150089
47 1.16487e-13 7.16449e-12 0.0140361
46 2.2076e-13 1.17958e-11 0.012228
45 4.15304e-13 1.83887e-11 0.0136366
44 7.21393e-13 3.02161e-11 0.0123686
43 1.32298e-12 4.48296e-11 0.0135342
42 2.61569e-12 7.50325e-11 0.0138614
41 5.75322e-12 1.18926e-10 0.0127046
40 1.25257e-11 2.41403e-10 0.0108058
39 2.22725e-11 3.282e-10 0.0135054
38 3.33891e-11 4.92044e-10 0.0144314
37 7.3532e-11 9.41198e-10 0.0137706
36 1.43138e-10 1.35171e-09 0.0146746
35 2.36932e-10 2.48047e-09 0.0116519
34 4.90974e-10 5.20978e-09 0.0153831
33 1.18798e-09 7.64054e-09 0.0153541
32 2.26209e-09 1.11833e-08 0.0157438
31 3.91745e-09 1.50834e-08 0.0172827
30 6.77803e-09 2.85067e-08 0.0160245
29 1.31522e-08 4.26625e-08 0.0146897
28 2.65779e-08 7.83067e-08 0.015808
27 4.20067e-08 1.20713e-07 0.0176866
26 6.95636e-08 1.73838e-07 0.0184817
25 1.55386e-07 3.15042e-07 0.0167708
24 3.13124e-07 5.20028e-07 0.0173163
23 6.38746e-07 8.83382e-07 0.0161652
22 1.04309e-06 1.7718e-06 0.0147556
21 2.01703e-06 2.50825e-06 0.0177785
20 4.32894e-06 4.16191e-06 0.0196179
19 7.65085e-06 5.71468e-06 0.0199871
18 1.30443e-05 1.02354e-05 0.0194457
17 2.74159e-05 1.57356e-05 0.0200679
16 5.36959e-05 2.62572e-05 0.0225591
15 9.75105e-05 3.9577e-05 0.0201928
14 0.000190531 6.78749e-05 0.0272493
13 0.000297648 0.000110562 0.0278161
12 0.00050438 0.000172665 0.0271545
11 0.00124151 0.000308449 0.0271307
10 0.00211928 0.00049719 0.0288462
9 0.00401672 0.000701064 0.0353605
8 0.00846301 0.00125572 0.0340538
7 0.0159412 0.00226303 0.0386545
6 0.029151 0.00461679 0.043852
5 0.058427 0.0074583 0.0452384
4 0.101001 0.0139434 0.0451803
3 0.165582 0.0297074 0.05465
2 0.358567 0.0687816 0.0561702
1 0.601862 0.128529 0.133284
0 1 1 1
